images/equations/SKMBT_36317040717260_eq1.png	2	LATEX_REPR
2	23	785	54	812
x	57	723	58	723
images/equations/SKMBT_36317040717260_eq10.png	9	LATEX_REPR
n	22	362	44	386
)	25	324	96	349
m	28	279	47	316
n	31	641	57	673
m	33	592	53	629
(	37	193	95	213
a	54	225	85	277
a	62	533	96	585
=	65	457	81	485
images/equations/SKMBT_36317040717260_eq11.png	11	LATEX_REPR
n	22	357	46	391
n	26	679	50	706
)	28	315	99	348
(	30	187	100	213
n	37	567	59	594
b	45	285	90	314
b	45	628	96	662
a	56	232	87	276
-	57	440	64	468
a	58	520	89	565
-	73	442	80	465
images/equations/SKMBT_36317040717260_eq12.png	17	LATEX_REPR
2	24	850	53	871
2	24	1030	56	1059
(	26	127	94	152
)	30	348	98	382
)	35	636	107	667
(	39	399	101	423
b	44	317	84	347
b	51	598	91	631
b	53	982	93	1020
a	56	172	86	220
a	57	448	87	492
+	58	254	80	283
a	61	792	89	836
-	65	717	71	744
-	67	537	74	574
-	70	910	78	947
-	78	718	83	743
images/equations/SKMBT_36317040717260_eq13.png	13	LATEX_REPR
n	22	703	47	731
m	28	612	47	647
-	31	667	37	688
n	33	398	51	429
m	38	175	57	222
a	52	289	57	293
a	53	564	85	608
a	56	121	88	167
a	58	342	87	387
-	60	495	64	521
-	69	271	75	304
-	72	493	78	517
n	85	291	89	296
images/equations/SKMBT_36317040717260_eq14.png	9	LATEX_REPR
1	23	491	50	497
p	34	269	69	295
-	45	237	50	259
-	58	462	67	526
a	74	169	106	225
p	76	506	101	529
-	77	375	85	400
-	91	370	97	394
a	97	471	125	512
images/equations/SKMBT_36317040717260_eq15.png	12	LATEX_REPR
a	23	703	54	741
c	23	750	56	784
a	29	233	59	277
c	34	449	65	476
frac	63	687	71	798
x	69	346	103	381
frac	72	217	79	287
-	74	440	80	496
d	82	750	129	786
b	83	713	125	742
d	91	448	134	478
b	99	244	141	274
images/equations/SKMBT_36317040717260_eq16.png	25	LATEX_REPR
d	24	1003	82	1035
d	37	746	91	778
c	48	386	83	425
a	49	569	80	610
a	49	960	77	1002
a	63	187	97	233
frac	91	944	100	1063
-	92	561	98	623
x	94	658	124	688
a	95	304	102	312
-	96	491	102	520
-	97	381	105	437
-	99	856	107	894
frac	100	741	110	796
-	107	490	113	517
frac	109	177	116	243
-	111	856	118	882
-	114	290	121	325
b	118	585	158	610
b	119	965	162	994
d	120	385	173	419
c	127	751	163	791
c	129	1014	164	1058
a	132	307	140	314
2	137	193	174	228
images/equations/SKMBT_36317040717260_eq17.png	15	LATEX_REPR
n	22	292	43	316
n	26	573	45	597
1	33	312	44	317
)	36	254	180	293
(	39	169	165	194
a	51	522	81	568
a	55	200	87	248
-	96	413	103	444
-	97	191	104	253
-	100	550	105	591
-	101	506	107	548
-	109	411	116	441
b	120	209	160	245
n	122	565	141	595
b	132	517	179	555
images/equations/SKMBT_36317040717260_eq18.png	7	LATEX_REPR
o	22	563	72	607
b	25	385	77	419
a	43	160	79	203
+	43	297	70	338
-	45	484	52	512
x	47	213	76	244
-	57	484	63	509
images/equations/SKMBT_36317040717260_eq19.png	11	LATEX_REPR
2	21	228	53	262
o	31	756	81	800
b	37	385	89	419
c	51	596	88	630
a	53	113	89	160
-	53	683	58	718
x	56	177	96	209
x	57	429	90	463
+	57	514	86	548
+	61	313	84	345
-	66	686	73	714
images/equations/SKMBT_36317040717260_eq2.png	2	LATEX_REPR
sqrt	23	677	93	794
x	58	744	90	775
images/equations/SKMBT_36317040717260_eq20.png	9	LATEX_REPR
2	23	356	58	381
4	55	517	101	555
n	57	111	112	180
b	58	308	103	342
-	71	225	79	262
c	73	634	105	674
-	76	425	83	456
a	78	576	106	625
-	87	225	93	258
images/equations/SKMBT_36317040717260_eq21.png	17	LATEX_REPR
sqrt	23	448	118	806
2	47	544	73	572
b	59	509	103	537
4	63	661	106	691
b	65	311	107	346
+	67	380	87	405
c	73	753	106	792
a	74	706	102	739
-	78	605	84	631
-	84	268	91	294
-	99	383	106	411
frac	129	260	143	891
x	147	70	180	105
-	151	170	157	194
-	165	168	170	193
2	171	426	214	476
a	181	483	209	545
images/equations/SKMBT_36317040717260_eq22.png	21	LATEX_REPR
1	23	287	42	293
(	26	375	101	401
)	36	1091	115	1131
-	46	95	55	138
x	51	415	88	449
-	54	263	61	321
+	54	529	78	554
x	60	611	88	641
+	61	736	87	764
+	61	925	86	959
x	61	1002	93	1035
-	63	187	73	209
x	68	97	103	136
1	72	475	97	482
2	78	657	107	687
=	79	193	88	213
a	79	833	89	840
n	81	285	112	319
a	82	849	90	856
n	83	1054	106	1081
a	85	871	94	878
images/equations/SKMBT_36317040717260_eq23.png	21	LATEX_REPR
f	23	1108	107	1146
1	45	359	133	396
+	46	644	118	679
x	57	1000	93	1032
+	66	925	86	957
x	68	547	93	573
+	70	735	91	774
k	71	1148	108	1177
+	74	457	96	485
a	75	837	84	843
a	75	876	84	883
n	75	1051	111	1086
a	76	854	83	860
x	78	267	107	297
2	84	584	113	618
-	90	55	96	90
2	96	677	122	699
1	99	321	120	327
1	110	406	128	412
-	114	57	133	90
-	125	170	130	191
images/equations/SKMBT_36317040717260_eq24.png	6	LATEX_REPR
sqrt	22	151	170	594
2	61	493	93	516
2	63	283	92	309
x	89	236	124	270
+	96	356	119	389
y	100	439	141	466
images/equations/SKMBT_36317040717260_eq25.png	12	LATEX_REPR
2	21	586	52	612
)	37	531	113	566
(	41	319	116	347
k	52	742	100	777
b	54	492	96	525
+	69	663	96	695
x	72	362	99	391
a	74	247	107	289
y	77	83	139	122
-	79	435	85	464
-	85	176	92	199
-	99	175	105	196
images/equations/SKMBT_36317040717260_eq26.png	17	LATEX_REPR
(	22	256	92	279
(	22	566	93	591
)	23	513	85	546
)	24	874	93	910
x	49	431	82	462
x	52	296	87	325
x	52	618	82	646
x	52	781	84	814
a	57	185	91	233
-	60	364	68	396
2	62	832	98	867
-	63	699	71	734
1	65	41	121	58
mul	68	29	89	46
-	68	108	74	129
1	72	484	94	489
m	81	108	88	125
images/equations/SKMBT_36317040717260_eq27.png	12	LATEX_REPR
2	23	558	57	584
4	46	268	98	298
b	50	504	99	536
c	65	361	99	395
a	68	318	100	358
-	79	449	86	480
y	109	67	184	101
frac	120	250	134	600
-	127	150	133	181
-	138	151	144	174
4	162	340	212	376
a	178	397	213	448
images/equations/SKMBT_36317040717260_eq28.png	8	LATEX_REPR
0	24	332	91	380
0	24	517	90	567
-	51	444	57	468
c	55	191	95	231
a	58	236	67	245
n	59	260	95	295
-	65	442	71	465
1	74	241	89	246
images/equations/SKMBT_36317040717260_eq29.png	15	LATEX_REPR
sqrt	23	510	92	636
-	42	273	55	329
2	46	571	87	614
1	66	288	86	296
1	67	313	84	318
m	97	159	103	168
o	99	106	141	150
frac	100	263	107	349
n	102	185	139	221
-	104	441	109	459
m	113	440	118	455
frac	113	502	121	640
1	116	163	136	171
4	125	291	171	327
2	141	543	183	602
images/equations/SKMBT_36317040717260_eq3.png	3	LATEX_REPR
sqrt	22	618	94	741
3	23	637	51	659
x	55	701	84	733
images/equations/SKMBT_36317040717260_eq30.png	7	LATEX_REPR
0	22	232	103	287
1	32	425	95	480
c	40	271	41	272
-	53	73	104	107
o	57	350	65	375
s	61	119	101	157
-	61	172	102	201
images/equations/SKMBT_36317040717260_eq31.png	15	LATEX_REPR
sqrt	22	535	105	647
=	50	591	99	633
sqrt	67	303	79	332
-	72	336	80	354
1	90	312	104	319
2	91	333	102	338
c	110	97	155	135
o	114	151	151	193
frac	115	282	123	362
=	117	204	158	242
-	117	460	123	483
frac	122	531	129	653
-	127	461	135	483
c	138	299	196	346
n	154	558	206	633
images/equations/SKMBT_36317040717260_eq32.png	11	LATEX_REPR
1	24	596	54	603
frac	25	281	37	347
1	43	296	61	304
1	46	322	61	328
c	60	81	105	119
s	61	178	103	214
o	64	131	101	168
-	73	562	82	633
frac	79	270	86	363
2	94	564	147	625
3	103	284	155	333
images/equations/SKMBT_36317040717260_eq33.png	14	LATEX_REPR
sqrt	23	687	103	803
3	51	749	95	787
-	68	479	81	526
+	82	296	136	340
1	89	495	103	499
1	91	511	103	514
m	111	612	117	629
a	114	345	147	389
frac	116	468	125	549
n	118	397	140	428
n	121	615	128	626
frac	121	677	129	812
a	140	491	180	529
3	147	718	199	771
images/equations/SKMBT_36317040717260_eq34.png	15	LATEX_REPR
1	25	951	92	960
2	27	694	60	721
A	29	754	94	805
A	40	333	108	389
2	43	285	75	309
-	52	872	58	895
+	59	474	91	508
s	59	648	91	673
c	60	566	99	600
o	61	613	92	644
m	64	875	71	894
c	78	155	114	199
m	79	206	84	214
n	84	227	109	262
1	92	210	111	215
images/equations/SKMBT_36317040717260_eq35.png	16	LATEX_REPR
A	23	643	81	681
s	50	524	88	565
a	50	570	56	578
n	52	589	82	627
A	63	293	135	336
1	65	575	80	580
+	82	133	138	179
-	91	408	98	433
frac	94	503	107	699
-	105	409	113	434
a	109	172	137	217
n	109	221	138	255
A	124	633	175	674
c	138	518	171	545
s	139	585	172	611
o	142	552	172	584
images/equations/SKMBT_36317040717260_eq4.png	3	LATEX_REPR
x	23	644	54	680
frac	71	630	78	700
y	101	649	153	682
images/equations/SKMBT_36317040717260_eq5.png	3	LATEX_REPR
1	22	650	61	681
-	75	635	83	700
2	105	643	149	688
images/equations/SKMBT_36317040717260_eq6.png	11	LATEX_REPR
sqrt	22	436	148	531
sqrt	27	684	78	773
a	44	490	65	520
n	48	736	73	778
-	77	481	86	534
-	84	600	91	623
frac	89	679	98	786
-	97	596	104	617
b	100	497	136	522
sqrt	118	684	164	776
n	137	740	171	767
images/equations/SKMBT_36317040717260_eq7.png	16	LATEX_REPR
(	23	774	79	799
)	24	990	84	1023
)	32	301	97	332
(	34	100	90	118
b	38	829	72	859
c	39	950	72	985
+	41	883	66	918
a	46	597	77	646
+	47	695	70	723
c	48	437	86	472
+	52	365	81	399
b	53	268	89	294
a	55	133	84	174
+	55	208	83	242
-	57	523	62	550
-	69	522	75	549
images/equations/SKMBT_36317040717260_eq8.png	12	LATEX_REPR
)	24	913	95	943
(	27	781	84	806
)	35	479	101	509
(	39	329	105	360
b	49	823	82	851
b	51	435	96	471
c	51	867	81	897
a	57	708	86	752
c	60	540	97	576
-	61	636	68	668
a	63	364	93	418
-	74	635	81	664
images/equations/SKMBT_36317040717260_eq9.png	13	LATEX_REPR
)	23	372	91	409
(	24	191	91	219
b	32	587	79	619
n	41	340	71	364
c	44	800	75	835
b	46	231	78	257
+	46	287	70	313
-	50	462	57	487
+	51	678	75	707
a	52	536	78	577
a	53	749	76	790
a	54	132	83	170
-	61	458	68	482
images/equations/SKMBT_36317040717280_eq1.png	2	LATEX_REPR
2	21	813	58	867
x	58	720	153	796
images/equations/SKMBT_36317040717280_eq10.png	10	LATEX_REPR
m	21	828	66	887
n	24	899	61	932
n	28	465	70	503
m	39	326	77	374
)	42	404	135	430
1	48	201	152	222
a	54	735	131	811
a	68	251	139	319
-	86	586	94	632
-	106	587	117	638
images/equations/SKMBT_36317040717280_eq11.png	11	LATEX_REPR
n	21	847	57	884
n	26	442	61	475
n	32	707	67	743
b	34	787	116	824
(	40	223	153	257
)	48	382	149	421
b	50	339	129	373
a	64	650	135	706
a	84	269	141	324
-	84	532	93	571
-	100	539	108	569
images/equations/SKMBT_36317040717280_eq12.png	16	LATEX_REPR
(	21	156	150	208
2	29	927	68	963
2	39	1089	86	1134
(	41	469	131	501
)	42	656	149	686
b	48	1046	139	1087
b	53	327	131	360
)	53	379	157	414
+	54	569	131	646
a	66	863	127	919
+	72	273	138	317
a	72	512	124	558
a	76	217	130	274
-	86	749	93	790
-	87	975	96	1026
-	101	753	112	795
images/equations/SKMBT_36317040717280_eq13.png	13	LATEX_REPR
m	21	353	74	405
n	26	1160	71	1190
m	27	1060	67	1109
-	32	1124	43	1160
n	40	727	71	758
1	45	512	77	523
a	61	962	136	1039
a	63	642	137	714
a	75	264	139	332
-	81	488	98	564
-	94	836	105	878
1	108	520	152	535
-	114	840	123	887
images/equations/SKMBT_36317040717280_eq14.png	9	LATEX_REPR
1	21	919	92	932
p	69	606	137	637
-	98	556	108	593
frac	98	848	113	1067
p	115	975	167	1007
m	119	705	131	740
a	128	482	205	554
-	141	707	151	743
a	153	887	218	955
images/equations/SKMBT_36317040717280_eq15.png	13	LATEX_REPR
c	21	1044	81	1089
a	23	446	96	506
a	25	968	81	1026
c	28	701	94	748
-	89	847	99	872
x	91	574	158	629
pi	107	669	198	790
frac	113	411	124	548
frac	113	951	126	1105
-	115	845	125	876
d	131	1030	206	1088
b	135	461	216	506
b	139	984	207	1016
images/equations/SKMBT_36317040717280_eq16.png	24	LATEX_REPR
d	21	1100	121	1167
d	28	1478	124	1540
a	55	359	132	415
a	58	884	125	942
c	63	630	130	691
a	65	1418	116	1463
2	100	521	124	540
-	120	1263	130	1286
x	123	999	198	1061
-	135	766	146	806
frac	137	1081	150	1205
frac	141	1320	152	1639
x	144	613	253	725
frac	145	835	158	979
-	147	1260	156	1290
frac	149	502	157	572
frac	160	307	170	467
b	162	889	248	930
-	164	764	172	793
c	167	1122	240	1185
b	170	1415	246	1458
1	171	527	226	544
b	182	379	276	430
c	189	1482	242	1543
images/equations/SKMBT_36317040717280_eq17.png	13	LATEX_REPR
n	21	835	61	866
a	68	769	126	831
a	69	404	134	458
n	72	545	115	576
(	96	319	240	371
)	108	498	244	524
frac	134	750	150	940
-	139	622	147	661
b	157	800	245	842
frac	165	361	178	496
n	165	859	201	889
-	170	623	178	665
b	185	425	265	470
images/equations/SKMBT_36317040717280_eq18.png	7	LATEX_REPR
b	21	530	118	569
o	34	729	102	782
+	45	456	117	528
a	54	319	120	383
x	54	380	126	432
-	57	626	67	670
-	81	623	89	683
images/equations/SKMBT_36317040717280_eq19.png	8	LATEX_REPR
2	21	334	68	363
b	30	529	112	569
c	41	776	109	836
x	48	583	113	638
a	50	192	119	266
+	50	681	115	761
+	57	381	130	456
x	59	275	127	329
images/equations/SKMBT_36317040717280_eq2.png	2	LATEX_REPR
sqrt	21	609	180	888
x	68	717	170	797
images/equations/SKMBT_36317040717280_eq20.png	9	LATEX_REPR
2	21	554	58	599
b	35	511	116	558
4	38	700	115	760
n	44	329	128	408
a	46	772	100	814
c	47	835	98	881
-	70	639	80	680
-	72	437	79	472
-	93	439	103	475
images/equations/SKMBT_36317040717280_eq21.png	14	LATEX_REPR
sqrt	21	733	129	1119
2	47	647	117	707
m	52	937	117	1022
b	53	590	130	630
b	53	787	123	816
c	65	1035	112	1075
-	81	865	90	919
-	88	514	104	584
x	121	343	212	407
-	137	453	146	492
frac	162	537	174	1108
-	164	455	173	502
a	214	781	258	832
2	223	699	268	752
images/equations/SKMBT_36317040717280_eq22.png	21	LATEX_REPR
1	21	475	94	491
)	49	1316	170	1370
(	61	593	168	631
+	65	1150	146	1215
-	66	180	77	248
x	71	1213	144	1267
+	72	738	143	801
x	74	799	140	855
x	79	645	142	696
+	86	913	153	971
-	89	311	97	360
x	95	182	169	263
frac	98	415	109	565
2	103	863	138	889
-	109	309	117	365
1	110	708	150	717
m	110	1083	119	1098
n	110	1274	152	1311
m	111	1030	119	1043
n	113	1111	120	1119
n	128	473	186	530
images/equations/SKMBT_36317040717280_eq23.png	22	LATEX_REPR
+	21	541	150	607
frac	27	431	166	1514
x	49	753	124	804
x	51	1249	126	1307
+	53	667	125	733
+	55	975	120	1027
+	57	1175	126	1231
x	61	437	131	502
-	65	193	83	263
2	75	1072	88	1084
a	75	1136	84	1145
a	77	1107	88	1118
2	87	814	128	847
p	87	1313	138	1347
k	88	1412	144	1459
1	91	512	139	524
1	95	621	136	632
n	99	925	134	959
x	113	205	194	272
-	114	314	122	350
-	137	299	146	350
n	205	923	256	972
images/equations/SKMBT_36317040717280_eq24.png	6	LATEX_REPR
sqrt	22	469	166	1216
2	65	863	99	916
2	70	653	109	688
y	83	791	180	837
+	91	681	166	736
x	97	557	169	625
images/equations/SKMBT_36317040717280_eq25.png	11	LATEX_REPR
a	21	613	127	706
b	24	798	113	840
2	24	889	62	936
y	29	339	151	388
)	44	845	135	875
x	53	1019	141	1077
+	57	937	135	1007
a	62	533	110	588
-	70	445	79	476
-	70	728	79	793
-	92	436	101	481
images/equations/SKMBT_36317040717280_eq26.png	16	LATEX_REPR
)	21	814	140	851
(	34	889	128	918
)	35	1185	158	1232
(	40	503	140	537
x	52	1064	133	1141
x	54	721	126	777
y	56	221	179	273
x	56	556	132	617
x	56	928	130	989
a	72	405	133	464
2	81	1139	128	1196
-	82	1024	94	1083
-	86	649	94	699
-	87	323	96	359
1	88	783	133	795
-	113	316	124	356
images/equations/SKMBT_36317040717280_eq27.png	11	LATEX_REPR
2	21	999	75	1043
b	40	938	126	977
cos	49	697	141	819
c	65	829	119	863
-	83	870	95	926
y	114	410	249	453
frac	151	557	177	1208
-	156	487	164	515
-	182	473	193	516
4	185	768	278	842
a	212	857	271	903
images/equations/SKMBT_36317040717280_eq28.png	8	LATEX_REPR
1	21	601	51	608
0	49	871	108	920
0	52	695	118	735
-	53	795	62	840
s	57	541	130	586
1	69	599	124	612
-	75	785	83	850
n	78	625	114	656
images/equations/SKMBT_36317040717280_eq29.png	12	LATEX_REPR
sqrt	21	922	102	1031
2	45	968	80	1025
2	73	663	137	718
1	102	560	125	572
frac	106	899	134	1143
-	109	809	118	842
s	131	517	196	557
-	132	806	142	841
frac	141	645	160	766
2	141	973	192	1043
cos	145	561	180	632
+	163	688	237	743
images/equations/SKMBT_36317040717280_eq3.png	2	LATEX_REPR
sqrt	21	591	179	854
x	65	703	165	783
images/equations/SKMBT_36317040717280_eq30.png	6	LATEX_REPR
1	22	920	126	939
a	33	548	114	640
0	50	714	121	762
s	53	653	117	688
-	53	814	61	854
-	70	804	81	868
images/equations/SKMBT_36317040717280_eq31.png	11	LATEX_REPR
sqrt	21	950	94	1051
3	48	995	102	1041
2	72	687	137	782
a	105	511	177	604
frac	112	928	132	1153
s	116	622	179	656
-	119	833	126	857
-	134	830	147	871
2	144	1011	199	1061
b	147	717	219	753
a	200	1092	207	1099
images/equations/SKMBT_36317040717280_eq32.png	9	LATEX_REPR
x	21	718	81	782
2	38	952	110	1056
b	48	763	84	795
x	84	567	165	688
-	104	846	112	886
frac	114	701	132	801
-	115	855	128	903
2	134	984	180	1034
3	145	719	201	762
images/equations/SKMBT_36317040717280_eq33.png	10	LATEX_REPR
sqrt	21	828	110	950
3	53	862	118	919
x	77	561	133	611
-	96	554	144	654
-	120	369	194	534
frac	126	787	144	1077
-	131	709	138	740
3	149	890	234	944
b	153	573	217	622
-	154	704	166	746
images/equations/SKMBT_36317040717280_eq34.png	14	LATEX_REPR
1	21	354	46	362
2	21	431	62	470
1	27	1028	134	1040
2	34	807	72	851
A	40	479	146	547
+	55	603	135	663
n	57	839	138	892
s	60	291	142	332
-	62	960	71	995
a	67	684	140	752
-	76	955	88	1016
s	77	763	140	794
1	80	358	128	370
n	91	379	116	407
images/equations/SKMBT_36317040717280_eq35.png	13	LATEX_REPR
1	21	918	40	926
A	25	980	120	1051
s	55	865	128	906
m	68	920	113	975
m	128	445	219	608
t	130	375	213	443
frac	148	739	172	1269
-	159	643	167	676
-	169	654	182	704
n	195	951	277	1011
s	223	899	280	924
c	229	801	287	851
2	241	852	278	882
images/equations/SKMBT_36317040717280_eq4.png	3	LATEX_REPR
x	21	682	89	744
frac	123	651	133	790
y	170	671	284	736
images/equations/SKMBT_36317040717280_eq5.png	3	LATEX_REPR
1	21	695	107	708
frac	138	631	147	759
2	180	675	237	729
images/equations/SKMBT_36317040717280_eq6.png	11	LATEX_REPR
sqrt	21	787	128	933
sqrt	28	426	257	611
a	56	847	118	900
a	71	527	123	574
-	128	673	135	707
frac	133	773	144	983
-	151	673	157	698
frac	155	494	163	608
sqrt	159	769	262	947
b	173	540	255	586
b	180	856	262	902
images/equations/SKMBT_36317040717280_eq7.png	16	LATEX_REPR
)	21	1253	147	1307
b	32	1055	123	1093
(	37	1011	142	1046
(	44	70	167	107
b	51	292	139	328
c	53	1215	116	1257
+	55	1127	136	1189
+	60	921	130	981
a	61	830	132	898
)	64	348	157	378
c	66	553	139	610
+	76	445	145	520
-	77	715	84	760
+	83	207	153	256
a	95	135	154	193
-	102	711	112	760
images/equations/SKMBT_36317040717280_eq8.png	12	LATEX_REPR
(	21	879	124	917
b	29	450	112	486
(	31	311	137	345
b	31	923	108	956
)	31	1045	129	1073
)	36	499	122	530
c	49	987	113	1036
c	57	582	112	621
a	63	782	116	835
a	64	372	116	412
-	71	663	80	693
-	94	657	101	689
images/equations/SKMBT_36317040717280_eq9.png	13	LATEX_REPR
)	21	539	138	572
(	22	294	128	323
b	25	900	115	936
b	34	351	115	390
+	43	957	129	1014
c	47	1146	113	1220
c	51	483	112	517
+	52	408	113	462
a	52	1062	103	1109
a	56	208	120	271
a	57	833	111	882
-	74	656	82	706
-	96	658	105	699
images/equations/SKMBT_36317040717290_eq1.png	2	LATEX_REPR
2	21	619	61	653
A	31	559	132	640
images/equations/SKMBT_36317040717290_eq10.png	10	LATEX_REPR
p	21	805	64	830
a	22	766	66	800
a	36	589	81	616
m	44	513	82	552
)	52	554	143	588
(	58	461	140	486
a	60	727	133	766
-	62	649	77	695
a	86	493	139	524
-	95	658	105	691
images/equations/SKMBT_36317040717290_eq11.png	10	LATEX_REPR
a	21	571	68	598
p	32	801	77	825
n	34	745	74	769
b	38	776	139	805
2	42	480	134	541
1	67	449	130	474
)	72	542	150	565
-	72	635	86	670
a	74	707	133	744
-	101	631	113	674
images/equations/SKMBT_36317040717290_eq12.png	16	LATEX_REPR
2	21	824	65	854
d	23	683	124	744
b	33	801	144	831
b	36	329	157	366
b	37	537	147	575
(	40	215	121	240
)	44	576	148	602
1	47	293	148	329
)	48	363	153	390
a	55	253	127	284
1	58	409	147	430
a	74	433	148	475
-	74	755	84	791
-	80	618	88	664
-	94	475	107	519
-	111	619	120	668
images/equations/SKMBT_36317040717290_eq13.png	13	LATEX_REPR
1	21	737	72	760
n	28	653	78	692
a	32	321	77	358
a	33	491	85	518
=	37	697	53	730
1	51	396	82	408
a	61	280	129	318
-	70	545	82	579
a	71	608	134	646
a	79	451	135	487
-	87	381	97	429
-	98	535	112	584
+	112	395	143	418
images/equations/SKMBT_36317040717290_eq14.png	8	LATEX_REPR
1	22	597	91	606
pi	24	409	100	468
a	81	377	140	416
m	81	488	90	518
frac	98	549	109	634
-	110	484	122	521
1	120	604	184	624
a	147	563	194	601
images/equations/SKMBT_36317040717290_eq15.png	12	LATEX_REPR
c	21	477	70	519
a	22	669	87	703
c	22	705	77	744
2	26	311	91	384
x	60	391	126	435
-	82	575	93	610
3	87	453	179	542
frac	88	639	103	762
b	96	332	175	361
d	110	707	216	748
-	116	573	127	613
b	128	672	208	701
images/equations/SKMBT_36317040717290_eq16.png	25	LATEX_REPR
d	21	825	137	866
1	54	1039	146	1067
a	62	304	127	336
c	73	483	136	520
a	75	674	139	705
a	95	997	145	1028
1	109	397	133	408
x	125	748	190	796
frac	134	283	149	370
-	135	380	147	421
-	135	575	146	606
=	143	927	158	958
frac	148	646	164	744
-	148	804	163	890
frac	151	452	165	549
b	154	321	226	357
frac	158	978	174	1089
d	165	478	254	522
-	165	576	177	616
a	171	393	198	416
-	171	924	185	965
b	175	675	261	707
b	185	1010	264	1041
c	202	821	263	863
c	206	1046	253	1100
images/equations/SKMBT_36317040717290_eq17.png	13	LATEX_REPR
2	21	639	69	662
a	22	470	91	496
a	39	600	98	634
(	40	342	167	375
a	47	385	105	414
)	76	433	189	463
-	98	524	108	565
-	126	377	140	434
-	134	527	145	572
-	136	580	156	658
b	146	399	211	429
a	156	640	193	662
b	160	610	245	640
images/equations/SKMBT_36317040717290_eq18.png	6	LATEX_REPR
b	22	583	125	618
2	44	693	120	723
+	49	524	128	573
n	52	435	123	520
=	74	640	85	670
-	95	634	112	680
images/equations/SKMBT_36317040717290_eq19.png	10	LATEX_REPR
b	21	590	144	626
x	29	466	126	535
+	43	539	123	590
+	47	689	129	742
3	56	623	133	682
c	56	754	132	805
4	61	884	135	912
a	65	431	120	464
-	76	824	93	865
-	103	827	118	876
images/equations/SKMBT_36317040717290_eq2.png	2	LATEX_REPR
sqrt	21	529	102	615
x	50	565	129	621
images/equations/SKMBT_36317040717290_eq20.png	9	LATEX_REPR
b	21	610	138	650
2	30	649	70	669
delta	49	446	133	511
+	51	737	138	792
c	58	842	120	878
a	67	794	126	833
-	69	533	78	571
-	81	676	92	722
-	97	531	115	592
images/equations/SKMBT_36317040717290_eq21.png	14	LATEX_REPR
b	21	621	97	644
sqrt	21	713	105	917
+	38	657	86	687
2	46	785	73	810
b	52	769	115	794
-	54	575	65	618
-	57	614	142	944
-	85	802	97	839
x	88	449	166	508
-	88	650	103	696
-	96	514	105	545
-	124	509	137	556
n	170	735	186	758
m	177	775	186	799
images/equations/SKMBT_36317040717290_eq23.png	21	LATEX_REPR
1	21	1144	162	1188
f	32	606	134	654
frac	33	532	185	1195
2	51	724	131	810
+	52	673	131	711
+	58	1014	138	1055
3	58	1069	146	1151
+	59	873	135	920
x	67	546	131	591
n	70	931	79	942
m	72	952	81	966
m	80	985	87	999
-	102	389	115	440
1	102	649	139	658
1	104	595	145	606
n	105	1171	162	1216
2	110	831	142	864
x	126	389	195	442
-	128	463	138	492
-	145	459	155	498
n	164	1211	166	1212
images/equations/SKMBT_36317040717290_eq24.png	4	LATEX_REPR
sqrt	21	503	116	799
x	36	574	126	638
+	55	648	123	689
3	58	700	162	735
images/equations/SKMBT_36317040717290_eq25.png	12	LATEX_REPR
2	21	613	53	641
h	30	555	130	584
h	41	717	139	765
1	43	415	125	429
y	44	245	224	289
a	50	369	122	402
3	51	432	130	482
+	56	659	134	710
)	57	589	149	611
-	69	494	82	551
-	72	303	87	338
=	105	304	118	340
images/equations/SKMBT_36317040717290_eq26.png	16	LATEX_REPR
y	21	275	165	315
3	28	819	109	872
1	31	684	110	699
)	31	907	115	928
1	32	443	109	456
x	34	706	99	755
3	35	457	110	508
-	40	337	49	376
a	40	395	104	429
)	40	639	116	658
x	41	567	110	611
-	53	769	62	813
2	60	877	95	908
-	65	339	74	376
-	74	522	84	565
1	78	621	124	634
images/equations/SKMBT_36317040717290_eq27.png	8	LATEX_REPR
2	21	517	114	726
c	49	603	96	629
y	56	364	212	410
-	60	635	72	672
-	74	443	83	480
-	101	441	111	484
4	118	575	182	624
a	131	628	184	671
images/equations/SKMBT_36317040717290_eq28.png	8	LATEX_REPR
1	21	445	43	456
4	32	523	126	565
4	43	669	127	702
s	58	401	127	434
-	66	601	76	640
n	81	473	135	504
1	84	450	127	461
-	90	598	101	656
images/equations/SKMBT_36317040717290_eq29.png	13	LATEX_REPR
sqrt	21	637	102	703
n	41	509	92	558
1	49	429	74	441
2	49	673	88	711
s	70	395	133	428
-	93	578	105	618
1	94	431	126	440
n	96	457	139	486
-	97	498	111	560
frac	109	643	123	732
+	116	498	200	553
-	121	583	134	623
2	139	662	180	708
images/equations/SKMBT_36317040717290_eq3.png	3	LATEX_REPR
sqrt	21	541	145	632
3	40	524	90	548
x	64	581	151	646
images/equations/SKMBT_36317040717290_eq31.png	10	LATEX_REPR
sqrt	21	643	101	730
2	28	497	98	551
3	45	682	98	718
n	66	403	141	470
c	80	359	133	392
-	98	569	109	609
3	99	485	191	560
frac	107	643	119	734
-	123	573	133	618
2	130	663	185	716
images/equations/SKMBT_36317040717290_eq32.png	10	LATEX_REPR
1	21	673	126	741
2	32	530	92	587
s	80	466	150	506
a	91	437	138	462
c	93	387	145	424
-	95	609	107	652
-	103	518	116	600
-	124	616	136	656
3	129	541	195	580
2	139	676	189	740
images/equations/SKMBT_36317040717290_eq33.png	9	LATEX_REPR
sqrt	21	420	115	503
2	33	253	107	310
b	43	124	156	198
3	50	420	130	500
a	89	205	148	232
-	111	335	122	381
3	112	247	206	303
-	139	332	148	380
3	152	435	221	480
images/equations/SKMBT_36317040717290_eq34.png	14	LATEX_REPR
1	21	209	52	219
A	31	293	130	343
2	37	534	74	564
1	43	708	182	726
A	44	565	149	618
p	46	229	140	283
+	52	373	114	429
p	63	445	114	470
s	64	158	128	198
a	71	476	118	499
s	72	501	137	533
1	77	209	122	219
-	86	634	96	680
-	118	625	130	695
images/equations/SKMBT_36317040717290_eq35.png	13	LATEX_REPR
+	21	573	42	585
A	21	625	111	667
s	60	533	117	567
n	63	587	103	616
1	70	572	107	582
A	73	334	167	382
+	79	201	163	286
n	111	291	158	323
-	111	407	121	452
frac	119	506	136	704
-	137	411	147	455
a	142	611	232	660
cos	161	507	215	604
images/equations/SKMBT_36317040717290_eq4.png	3	LATEX_REPR
x	21	546	88	604
frac	103	510	118	628
y	127	551	237	595
images/equations/SKMBT_36317040717290_eq5.png	3	LATEX_REPR
1	21	563	84	572
frac	95	520	113	627
2	129	545	182	602
images/equations/SKMBT_36317040717290_eq6.png	10	LATEX_REPR
sqrt	22	380	160	512
sqrt	23	613	113	712
a	37	440	85	474
a	60	663	100	692
-	85	545	96	575
s	93	421	198	496
-	123	531	136	580
frac	131	605	159	722
sqrt	164	624	241	716
b	187	669	254	704
images/equations/SKMBT_36317040717290_eq7.png	15	LATEX_REPR
b	21	345	99	376
)	22	377	111	404
b	27	757	113	782
+	29	654	118	696
+	34	424	115	466
1	36	796	124	841
c	37	473	113	518
1	40	247	103	263
(	43	724	112	744
c	43	843	103	886
n	47	270	108	339
)	47	883	117	904
a	56	597	106	632
-	59	543	70	573
-	74	543	88	575
images/equations/SKMBT_36317040717290_eq8.png	12	LATEX_REPR
b	21	717	121	748
b	22	377	136	405
1	26	691	123	710
(	40	309	132	330
a	43	635	109	671
c	48	451	119	490
)	50	412	127	437
)	50	801	140	829
=	51	541	66	580
c	51	759	117	804
1	58	340	126	367
-	78	539	93	586
images/equations/SKMBT_36317040717290_eq9.png	13	LATEX_REPR
b	21	807	131	840
b	37	500	129	530
1	44	852	139	904
c	45	960	111	1001
1	50	472	130	489
)	51	634	122	654
+	58	533	123	579
a	58	921	117	957
c	61	591	115	631
-	62	703	73	738
a	64	417	125	459
a	64	769	136	804
-	83	691	99	747
images/equations/SKMBT_36317040717291_eq1.png	2	LATEX_REPR
2	21	939	89	1011
x	47	770	224	914
images/equations/SKMBT_36317040717291_eq10.png	10	LATEX_REPR
)	22	364	188	428
n	38	459	105	495
m	44	285	101	354
(	46	110	200	160
a	49	920	127	998
a	64	173	189	268
m	70	831	128	899
a	76	723	203	801
-	104	586	116	623
-	154	574	162	619
images/equations/SKMBT_36317040717291_eq11.png	11	LATEX_REPR
n	21	994	87	1052
b	35	317	178	376
n	38	858	103	901
b	39	924	192	981
)	47	410	202	459
n	47	486	102	543
a	75	749	182	832
(	81	147	224	188
a	96	205	191	294
-	107	616	116	659
frac	137	605	153	689
images/equations/SKMBT_36317040717291_eq12.png	17	LATEX_REPR
(	21	45	178	108
2	37	1347	99	1416
2	41	1112	97	1163
b	43	1258	181	1333
b	44	681	165	740
b	45	297	162	357
(	45	459	170	509
)	48	749	191	816
a	53	113	150	197
)	61	382	165	420
+	65	215	140	267
a	68	1026	166	1103
a	85	515	163	587
-	101	873	116	946
-	111	609	121	656
frac	124	1142	136	1202
-	144	877	151	934
images/equations/SKMBT_36317040717291_eq13.png	13	LATEX_REPR
a	21	1110	83	1181
n	22	617	88	667
m	30	960	92	1025
x	32	237	97	302
1	42	408	70	423
a	42	854	156	923
a	43	111	151	209
-	49	1052	59	1088
a	60	515	151	590
-	80	730	90	767
frac	95	363	115	437
-	119	721	127	770
-	135	390	142	417
images/equations/SKMBT_36317040717291_eq14.png	9	LATEX_REPR
1	21	852	109	866
p	64	486	166	528
A	105	267	248	368
frac	121	764	139	962
-	126	397	134	458
frac	145	593	157	652
a	157	759	267	838
p	160	863	227	907
frac	182	590	193	649
images/equations/SKMBT_36317040717291_eq15.png	13	LATEX_REPR
c	21	1015	95	1077
a	26	927	106	995
a	28	296	118	371
c	37	595	124	674
x	119	435	185	495
frac	121	899	140	1104
m	128	749	144	790
frac	139	256	151	383
b	149	910	265	973
d	151	986	275	1068
x	155	575	252	674
-	162	737	176	788
b	173	305	246	362
images/equations/SKMBT_36317040717291_eq16.png	25	LATEX_REPR
d	21	1171	168	1265
d	28	1536	174	1625
c	42	559	138	632
a	47	233	131	296
a	60	863	153	934
a	89	1451	170	1521
n	129	411	150	428
frac	156	390	166	460
frac	157	192	171	314
-	157	713	168	754
x	157	1029	220	1085
frac	171	549	184	635
frac	179	1328	192	1376
frac	183	835	198	941
d	184	537	302	627
n	199	419	210	434
frac	199	1140	210	1269
-	204	703	212	747
b	205	238	309	303
frac	214	1430	228	1646
-	215	1332	228	1378
b	221	863	312	931
c	239	1156	327	1235
b	245	1461	347	1529
c	261	1530	353	1633
images/equations/SKMBT_36317040717291_eq17.png	12	LATEX_REPR
n	21	919	79	970
n	38	543	119	591
a	43	353	147	420
a	51	823	139	890
)	64	464	300	514
(	76	246	280	298
x	160	317	287	453
frac	162	813	176	997
frac	166	649	175	709
n	180	926	234	971
b	196	844	297	906
-	213	650	224	704
images/equations/SKMBT_36317040717291_eq18.png	7	LATEX_REPR
b	21	647	148	714
a	25	899	143	980
x	30	380	143	458
a	37	275	153	370
+	50	508	135	579
frac	82	766	91	819
-	117	761	125	816
images/equations/SKMBT_36317040717291_eq19.png	11	LATEX_REPR
2	21	413	90	451
a	46	213	168	292
x	50	318	165	402
a	50	1209	169	1287
x	53	651	159	735
b	58	587	159	648
+	65	786	159	846
c	69	915	167	1012
+	83	448	167	518
+	87	1079	105	1123
-	114	1077	127	1136
images/equations/SKMBT_36317040717291_eq2.png	2	LATEX_REPR
sqrt	22	670	198	902
x	81	781	175	882
images/equations/SKMBT_36317040717291_eq20.png	9	LATEX_REPR
2	21	642	75	693
b	26	557	171	620
delta	31	277	155	364
+	48	823	173	920
c	48	1016	127	1099
a	51	933	138	998
-	74	436	84	482
-	105	436	123	484
-	109	682	129	741
images/equations/SKMBT_36317040717291_eq21.png	17	LATEX_REPR
sqrt	21	815	174	1325
b	46	579	170	636
+	47	708	126	769
b	55	896	168	941
2	55	955	105	991
a	59	1073	162	1145
c	65	1223	149	1300
a	71	1154	150	1220
-	116	984	125	1029
frac	119	428	130	501
x	122	123	233	212
-	141	695	151	757
-	169	263	179	319
frac	196	429	212	1338
-	202	257	218	313
a	244	785	326	871
2	246	683	326	765
images/equations/SKMBT_36317040717291_eq22.png	18	LATEX_REPR
1	22	483	108	497
)	52	1524	212	1589
(	58	585	184	634
x	61	873	164	948
frac	66	160	78	259
x	69	1380	196	1475
x	72	645	169	718
+	76	1294	167	1350
+	82	1028	151	1075
+	92	762	155	811
frac	105	436	121	532
x	111	160	223	250
2	117	937	177	984
-	127	317	136	365
1	127	722	192	734
n	131	1467	183	1505
n	147	455	232	510
-	168	308	181	367
images/equations/SKMBT_36317040717291_eq23.png	24	LATEX_REPR
(	21	941	200	1012
(	28	1507	190	1573
f	40	576	200	654
x	51	1380	146	1457
x	55	829	149	891
+	61	1282	134	1326
x	68	478	152	548
+	75	1059	144	1105
+	77	729	145	771
=	93	1455	126	1498
A	95	1556	164	1597
2	97	887	144	921
a	101	1202	110	1213
frac	105	151	116	234
m	105	1177	112	1185
m	106	1150	112	1160
n	115	984	166	1030
1	117	548	169	556
1	125	659	168	668
x	142	173	254	252
-	177	318	185	358
frac	207	451	227	1589
-	217	311	226	353
a	258	901	323	995
images/equations/SKMBT_36317040717291_eq24.png	6	LATEX_REPR
sqrt	21	344	258	989
2	69	581	129	635
2	89	887	145	952
x	93	477	200	556
sqrt	97	785	254	884
d	108	647	182	726
images/equations/SKMBT_36317040717291_eq25.png	13	LATEX_REPR
2	21	1037	87	1094
b	28	881	174	944
)	39	961	202	1016
(	41	577	209	656
1	48	1282	218	1292
y	59	175	229	290
a	64	439	181	529
x	72	647	182	744
d	72	1084	173	1176
c	84	1296	149	1356
-	89	769	119	862
frac	116	296	130	382
frac	156	300	169	385
images/equations/SKMBT_36317040717291_eq26.png	17	LATEX_REPR
sqrt	21	172	199	280
)	33	1032	183	1075
x	38	184	96	219
x	40	876	161	969
)	40	1566	221	1637
(	42	591	182	673
x	44	1419	170	1523
x	45	672	158	760
x	52	1181	175	1293
(	53	1127	186	1187
a	67	443	175	532
-	91	314	102	372
-	92	789	101	843
-	107	1315	116	1373
2	113	1505	183	1565
1	115	972	187	986
-	139	311	147	365
images/equations/SKMBT_36317040717291_eq27.png	10	LATEX_REPR
b	21	1010	150	1073
2	30	1089	87	1148
x	43	581	167	732
c	51	749	138	814
frac	83	861	98	937
x	87	206	256	316
-	129	341	148	408
-	170	341	196	425
frac	189	521	217	1172
frac	219	726	334	888
images/equations/SKMBT_36317040717291_eq28.png	8	LATEX_REPR
y	21	545	158	620
-	23	381	31	411
a	31	849	151	942
0	35	266	154	344
n	66	411	152	481
-	74	687	88	733
2	81	345	150	397
frac	114	679	125	745
images/equations/SKMBT_36317040717291_eq29.png	13	LATEX_REPR
sqrt	21	822	151	982
sqrt	49	484	133	565
2	66	907	128	955
c	81	520	124	562
2	99	268	212	356
s	107	141	226	221
x	125	232	213	292
-	152	641	162	690
frac	154	445	169	559
-	182	640	199	698
frac	183	803	197	1025
4	187	437	305	549
2	225	851	285	959
images/equations/SKMBT_36317040717291_eq3.png	3	LATEX_REPR
sqrt	22	653	223	882
3	25	663	96	700
x	78	751	193	866
images/equations/SKMBT_36317040717291_eq30.png	6	LATEX_REPR
1	21	788	177	814
0	44	458	199	556
a	49	203	185	348
s	64	367	182	423
-	96	636	105	684
-	132	616	154	702
images/equations/SKMBT_36317040717291_eq31.png	13	LATEX_REPR
sqrt	21	784	141	933
3	59	838	133	901
frac	62	440	77	526
(	74	451	136	486
c	86	481	138	524
4	96	306	191	360
n	103	162	191	229
0	123	222	191	284
-	151	605	161	650
frac	153	413	166	521
frac	155	756	171	937
+	173	455	191	485
-	189	652	191	663
images/equations/SKMBT_36317040717291_eq32.png	12	LATEX_REPR
1	22	769	154	791
frac	57	403	67	479
(	66	408	138	456
c	87	447	138	503
a	103	170	216	304
s	104	309	210	353
-	147	568	156	613
frac	163	395	172	496
frac	163	719	178	819
-	189	563	202	622
3	206	370	292	469
2	211	711	290	830
images/equations/SKMBT_36317040717291_eq33.png	13	LATEX_REPR
sqrt	21	795	143	951
sqrt	31	480	138	573
3	59	846	141	913
c	68	529	137	582
pm	86	153	229	250
n	114	329	194	384
a	123	239	206	315
frac	126	657	144	720
frac	146	435	169	601
frac	158	804	171	958
A	180	454	306	534
frac	184	653	193	726
3	205	807	295	908
images/equations/SKMBT_36317040717291_eq34.png	13	LATEX_REPR
)	21	459	196	514
A	35	957	211	1067
2	45	887	119	939
1	47	1285	207	1305
3	50	326	121	376
(	65	393	217	474
0	67	151	170	225
+	75	535	178	619
a	76	223	168	320
a	94	692	193	829
s	95	820	193	875
-	116	1104	125	1168
frac	151	1106	162	1177
images/equations/SKMBT_36317040717291_eq35.png	13	LATEX_REPR
A	21	974	158	1066
i	52	807	152	851
tan	66	149	198	341
1	69	479	250	526
s	69	715	162	795
n	73	865	139	917
(	93	431	250	484
n	122	351	185	390
frac	160	719	300	1107
frac	163	543	173	611
-	191	554	200	606
a	193	709	282	842
s	196	844	283	891
images/equations/SKMBT_36317040717291_eq4.png	3	LATEX_REPR
x	21	750	121	846
frac	150	683	167	855
y	168	714	327	826
images/equations/SKMBT_36317040717291_eq5.png	3	LATEX_REPR
1	21	756	127	778
frac	159	696	169	802
2	203	707	274	805
images/equations/SKMBT_36317040717291_eq6.png	11	LATEX_REPR
sqrt	21	729	202	929
sqrt	45	285	338	479
a	65	823	152	884
a	81	381	167	445
-	185	573	191	624
frac	196	717	219	916
frac	205	366	220	464
-	225	566	234	620
b	241	390	331	444
sqrt	252	703	364	880
n	285	777	358	841
images/equations/SKMBT_36317040717291_eq7.png	16	LATEX_REPR
b	21	1204	164	1266
b	23	255	140	310
c	36	11	175	77
)	40	1446	196	1504
c	45	533	152	624
(	50	1105	166	1165
+	51	421	146	480
)	53	337	162	392
a	63	811	153	894
+	63	990	124	1045
a	69	58	148	123
+	69	136	151	186
f	69	1289	153	1332
c	79	1370	166	1457
-	81	682	93	732
-	117	683	126	729
images/equations/SKMBT_36317040717291_eq8.png	12	LATEX_REPR
b	21	210	155	267
b	22	763	165	820
(	38	693	164	756
)	40	901	174	959
)	46	290	167	324
(	47	73	191	131
c	52	356	156	413
a	59	604	146	671
c	70	839	155	897
A	74	126	171	193
-	92	484	101	535
-	121	481	135	547
images/equations/SKMBT_36317040717291_eq9.png	13	LATEX_REPR
b	21	805	157	870
b	27	298	169	355
)	27	516	175	569
(	39	215	171	282
c	39	1098	146	1173
a	45	1024	144	1085
a	60	727	145	789
a	61	115	147	191
+	62	918	147	975
c	66	461	152	510
+	69	379	153	438
-	89	613	99	669
-	119	606	133	671
images/equations/SKMBT_36317040717310_eq1.png	2	LATEX_REPR
2	22	1000	64	1041
x	33	861	138	966
images/equations/SKMBT_36317040717310_eq2.png	2	LATEX_REPR
sqrt	21	783	175	1007
2	78	888	186	985
images/equations/SKMBT_36317040717310_eq3.png	4	LATEX_REPR
2	21	776	69	802
sqrt	24	793	166	1002
x	61	893	154	984
n	73	782	82	794
images/equations/SKMBT_36317040717310_eq4.png	11	LATEX_REPR
sqrt	21	855	41	895
m	27	927	34	935
2	34	920	38	922
+	44	913	44	913
a	45	904	45	906
a	47	895	71	908
frac	63	894	63	895
-	72	900	86	915
n	92	926	95	931
)	93	915	95	916
1	122	842	143	1060
images/equations/SKMBT_36317040717310_eq5.png	7	LATEX_REPR
1	22	916	117	937
a	52	920	53	923
frac	56	920	60	922
-	127	866	146	1032
sqrt	137	814	153	864
)	191	882	205	917
-	199	906	287	950
images/equations/SKMBT_36317040717310_eq6.png	34	LATEX_REPR
-	22	917	40	993
-	34	893	42	909
+	40	883	40	884
sqrt	41	861	59	881
d	45	488	159	616
n	54	920	110	967
2	61	937	66	944
+	64	923	71	929
a	67	865	92	878
1	86	543	134	596
pi	92	862	106	870
m	103	845	130	870
-	147	733	158	756
frac	151	584	163	641
-	153	926	166	1054
m	156	509	172	578
-	157	862	164	876
a	157	883	164	914
-	157	916	160	921
1	158	831	164	854
sqrt	162	457	297	496
-	177	881	211	998
n	178	725	188	752
a	191	565	211	578
b	211	563	244	602
2	211	927	295	969
a	216	879	223	888
+	227	883	231	887
a	228	876	232	878
m	234	876	241	883
2	242	873	248	882
2	243	559	278	598
d	245	565	247	567
a	248	594	257	599
images/equations/SKMBT_36317040717310_eq7.png	20	LATEX_REPR
)	22	1416	143	1480
b	28	461	118	488
)	33	524	122	546
(	35	1134	107	1164
1	36	1230	56	1239
x	36	1297	94	1330
(	37	677	100	711
(	39	284	110	312
3	46	1393	51	1398
+	47	404	121	442
+	47	1056	116	1101
c	47	1365	90	1394
+	48	596	110	635
a	51	931	99	984
-	55	803	64	851
a	56	333	100	371
+	68	1328	76	1344
n	69	1218	108	1259
-	80	798	89	857
m	101	708	104	716
images/equations/SKMBT_36317040717320_eq1.png	2	LATEX_REPR
2	21	921	54	952
x	56	835	129	902
images/equations/SKMBT_36317040717320_eq10.png	10	LATEX_REPR
n	21	723	74	762
m	36	601	86	659
(	42	421	160	458
)	49	664	174	706
m	51	1098	91	1162
n	51	1171	96	1211
a	74	514	140	580
a	87	1007	166	1088
-	90	831	103	910
frac	121	827	133	911
images/equations/SKMBT_36317040717320_eq11.png	11	LATEX_REPR
n	21	713	62	746
b	37	595	138	644
(	38	423	169	464
n	40	1219	85	1253
n	46	1086	94	1127
)	47	649	188	701
b	51	1150	167	1202
a	72	511	136	580
2	87	992	157	1074
frac	96	820	109	895
-	131	817	143	894
images/equations/SKMBT_36317040717320_eq12.png	17	LATEX_REPR
)	21	643	161	696
2	21	1360	65	1399
(	24	339	144	372
b	29	585	121	642
2	31	1564	69	1607
(	34	719	159	766
)	44	1037	180	1092
a	45	418	110	481
+	45	494	100	552
b	45	994	137	1040
b	51	1493	163	1549
a	67	816	128	884
a	78	1281	148	1355
-	84	1148	94	1222
-	88	901	99	954
-	107	1406	117	1462
-	113	1145	123	1221
images/equations/SKMBT_36317040717320_eq13.png	13	LATEX_REPR
m	21	502	68	586
n	28	926	73	969
n	36	1441	84	1490
m	38	1291	84	1363
s	54	690	81	712
-	60	1381	69	1432
a	63	397	147	485
a	75	827	152	902
frac	93	649	105	747
a	96	1186	167	1258
-	98	1038	107	1100
2	119	697	134	716
-	135	1027	144	1091
images/equations/SKMBT_36317040717320_eq14.png	9	LATEX_REPR
1	21	1040	86	1051
p	40	735	110	784
-	66	675	78	717
frac	104	978	118	1161
a	107	588	184	666
-	127	829	138	890
p	134	1084	195	1121
-	155	831	164	893
n	168	1008	216	1063
images/equations/SKMBT_36317040717320_eq15.png	4	LATEX_REPR
a	21	573	86	650
c	32	902	88	948
c	43	1312	102	1348
a	45	1234	104	1308
images/equations/SKMBT_36317040717320_eq16.png	20	LATEX_REPR
d	21	1384	121	1446
c	36	766	95	818
a	39	421	111	494
a	54	1130	123	1203
a	114	616	129	630
frac	132	373	148	519
frac	136	713	151	874
x	136	1275	205	1335
-	142	955	152	1010
frac	148	1080	163	1239
frac	149	571	161	666
frac	157	1348	168	1491
-	162	1538	177	1585
b	165	423	267	490
d	168	754	280	823
b	172	1132	267	1189
-	175	951	184	1000
a	180	613	196	624
-	195	1530	203	1581
c	202	1392	277	1451
images/equations/SKMBT_36317040717320_eq17.png	13	LATEX_REPR
n	22	1060	67	1089
n	45	675	94	722
a	49	497	115	570
)	63	593	308	669
a	67	986	148	1062
(	77	391	303	443
frac	150	455	164	614
-	171	774	183	853
frac	178	927	192	1126
b	189	510	281	561
n	199	1060	240	1094
b	205	998	306	1049
-	216	773	227	849
images/equations/SKMBT_36317040717320_eq18.png	7	LATEX_REPR
b	21	717	138	781
x	33	488	132	567
a	41	401	129	471
+	51	611	108	676
o	52	933	123	984
-	71	823	86	883
-	100	825	112	880
images/equations/SKMBT_36317040717320_eq19.png	10	LATEX_REPR
2	21	531	60	577
b	33	725	148	777
x	63	782	153	856
a	64	359	144	424
x	65	440	146	510
c	85	990	154	1040
-	86	1108	152	1245
+	87	581	141	658
-	87	887	134	947
-	101	1113	112	1149
images/equations/SKMBT_36317040717320_eq2.png	2	LATEX_REPR
sqrt	21	767	134	920
x	64	834	128	895
images/equations/SKMBT_36317040717320_eq20.png	9	LATEX_REPR
2	21	784	66	820
b	43	713	146	770
a	45	956	148	1032
n	59	417	131	516
-	67	584	76	648
c	72	1139	135	1198
a	73	1056	134	1126
-	104	577	114	640
-	106	830	116	884
images/equations/SKMBT_36317040717320_eq21.png	15	LATEX_REPR
sqrt	21	800	150	1262
b	36	624	121	675
2	41	964	73	999
b	44	895	134	944
pm	47	712	110	782
4	54	1070	137	1129
m	73	1133	122	1233
-	86	539	101	596
-	100	996	109	1043
a	119	283	196	366
-	142	412	157	463
frac	162	505	179	1273
-	168	413	177	462
2	204	765	271	820
a	217	838	275	911
images/equations/SKMBT_36317040717320_eq22.png	21	LATEX_REPR
1	21	581	90	602
2	79	1412	190	1495
)	81	1539	209	1592
x	83	769	188	848
x	83	998	170	1065
(	85	709	196	736
+	91	896	150	955
frac	94	527	108	666
+	95	1120	149	1169
+	96	1345	139	1386
frac	97	283	112	373
n	115	1217	127	1229
-	116	437	124	484
m	116	1283	124	1298
m	117	1252	124	1267
2	131	1060	168	1092
1	142	850	170	862
a	145	293	220	361
-	147	433	155	484
n	147	566	221	630
n	149	1496	190	1531
images/equations/SKMBT_36317040717320_eq23.png	24	LATEX_REPR
f	21	571	138	634
1	25	897	142	970
+	31	1454	155	1522
x	35	481	98	556
x	40	815	108	876
x	41	1358	116	1416
+	47	1258	106	1316
+	51	715	97	762
+	53	1040	100	1094
k	73	1415	121	1449
1	74	643	109	655
frac	75	225	84	309
2	75	1195	85	1210
2	77	871	104	906
2	78	1126	86	1142
1	79	551	102	563
m	80	1162	88	1176
2	84	962	111	1001
n	84	1510	134	1553
x	119	247	199	328
-	122	366	130	412
-	145	369	154	408
frac	145	462	174	1598
n	204	868	265	927
images/equations/SKMBT_36317040717320_eq24.png	6	LATEX_REPR
sqrt	21	475	196	1056
2	53	906	90	952
2	60	721	84	760
x	89	617	177	697
1	92	807	217	890
+	98	742	160	789
images/equations/SKMBT_36317040717320_eq25.png	12	LATEX_REPR
2	21	954	60	997
(	63	562	214	593
)	65	888	222	931
1	71	228	208	302
k	74	1146	166	1205
h	77	819	188	882
x	93	634	180	709
a	95	471	162	538
-	99	338	110	392
-	114	1004	170	1077
-	120	733	133	783
-	126	336	139	390
images/equations/SKMBT_36317040717320_eq26.png	16	LATEX_REPR
)	21	1270	166	1318
(	28	929	134	953
)	29	873	146	916
x	31	589	120	672
x	31	1167	122	1247
(	34	533	119	558
x	34	775	119	850
x	35	209	151	284
x	36	998	131	1070
-	56	325	67	372
a	60	441	120	504
-	69	1092	79	1133
-	72	693	84	738
2	85	1243	110	1270
1	91	849	121	860
-	93	317	106	368
images/equations/SKMBT_36317040717320_eq27.png	11	LATEX_REPR
2	21	888	62	929
b	39	823	146	873
a	47	511	143	578
cos	66	580	128	702
-	89	733	105	791
1	123	247	283	318
-	150	378	162	420
-	183	370	191	416
frac	184	485	198	880
4	218	616	309	684
a	240	701	301	776
images/equations/SKMBT_36317040717320_eq28.png	8	LATEX_REPR
a	21	617	134	673
2	25	481	47	501
0	38	805	122	858
s	63	378	134	433
-	73	709	84	748
n	75	510	135	564
1	78	460	127	476
-	101	704	110	759
images/equations/SKMBT_36317040717320_eq29.png	14	LATEX_REPR
sqrt	22	879	146	1026
pi	53	563	120	643
1	68	577	128	604
2	69	961	115	1011
n	101	437	117	451
s	141	345	214	404
frac	146	539	158	680
-	147	766	157	800
n	157	467	214	520
1	161	429	201	442
frac	171	863	191	1045
4	173	601	264	656
-	173	759	188	797
2	212	927	268	982
images/equations/SKMBT_36317040717320_eq3.png	3	LATEX_REPR
3	21	743	87	784
sqrt	26	737	189	926
x	74	823	165	907
images/equations/SKMBT_36317040717320_eq30.png	7	LATEX_REPR
0	21	615	122	673
c	36	409	115	456
1	37	823	134	845
s	38	530	122	582
o	45	472	111	524
-	57	724	66	760
-	80	724	90	764
images/equations/SKMBT_36317040717320_eq31.png	12	LATEX_REPR
sqrt	21	822	135	958
3	51	894	121	930
pi	65	570	127	650
s	130	495	200	536
c	140	373	195	422
frac	140	551	153	676
o	144	435	202	482
-	147	739	155	772
frac	147	809	162	988
b	154	602	234	634
-	167	730	175	760
2	189	875	242	924
images/equations/SKMBT_36317040717320_eq32.png	12	LATEX_REPR
1	21	865	90	876
=	39	545	105	628
2	58	597	100	628
frac	95	817	107	936
s	102	452	181	507
c	107	339	170	407
o	111	409	166	454
frac	120	521	130	655
-	126	716	136	754
2	130	852	195	907
-	152	708	164	763
3	153	576	224	622
images/equations/SKMBT_36317040717320_eq33.png	14	LATEX_REPR
sqrt	22	982	128	1114
frac	35	657	50	746
b	54	713	106	744
1	55	674	118	694
3	55	1047	125	1089
+	97	381	196	474
frac	124	623	146	780
a	135	480	194	545
-	135	848	147	880
n	136	551	206	605
frac	145	958	160	1159
-	151	847	163	886
b	164	701	235	736
3	173	1046	257	1096
images/equations/SKMBT_36317040717320_eq34.png	14	LATEX_REPR
2	21	530	66	567
2	38	981	73	1020
n	40	454	57	473
A	47	571	165	640
A	64	1022	169	1097
s	80	905	155	953
1	80	1258	157	1278
a	83	795	145	893
s	84	349	141	420
n	86	474	142	519
+	86	690	141	751
1	89	443	132	463
-	102	1174	112	1199
-	122	1166	130	1212
images/equations/SKMBT_36317040717320_eq35.png	14	LATEX_REPR
2	23	995	35	1005
A	28	1056	123	1112
s	61	916	111	967
n	66	1007	105	1047
1	68	989	99	1001
A	82	641	192	710
+	98	413	184	502
n	130	570	170	614
-	133	766	141	796
a	134	506	181	564
frac	140	885	162	1140
-	145	762	155	798
a	174	1012	252	1112
a	184	922	241	1002
images/equations/SKMBT_36317040717320_eq4.png	3	LATEX_REPR
x	21	793	96	870
frac	116	751	127	919
y	157	795	263	861
images/equations/SKMBT_36317040717320_eq5.png	3	LATEX_REPR
1	21	807	100	825
frac	117	729	130	890
2	152	767	243	847
images/equations/SKMBT_36317040717320_eq6.png	11	LATEX_REPR
sqrt	21	508	266	704
sqrt	29	929	148	1089
a	57	616	112	671
a	81	1002	136	1064
-	128	777	136	847
frac	139	575	149	698
frac	156	908	171	1110
frac	160	764	170	848
b	166	621	249	672
sqrt	187	921	290	1089
b	207	1007	294	1059
images/equations/SKMBT_36317040717320_eq7.png	16	LATEX_REPR
b	21	537	144	600
(	23	255	156	285
)	29	611	172	660
+	43	695	130	779
)	43	1624	204	1665
(	46	1306	165	1354
b	48	1391	146	1448
a	57	343	134	413
+	57	441	110	498
c	65	814	152	871
+	65	1187	144	1254
a	79	1080	152	1149
+	83	1466	151	1529
c	84	1559	154	1609
-	86	941	96	1014
frac	114	937	124	1026
images/equations/SKMBT_36317040717320_eq8.png	12	LATEX_REPR
)	21	582	187	639
(	22	348	161	389
b	40	524	149	576
b	58	1116	169	1174
c	71	661	155	724
a	78	438	149	504
)	80	1265	204	1303
a	91	960	173	1041
(	94	1062	174	1087
frac	99	799	109	891
c	104	1196	179	1237
frac	128	791	139	885
images/equations/SKMBT_36317040717320_eq9.png	13	LATEX_REPR
b	21	445	141	508
)	44	693	156	735
b	47	1047	156	1107
a	58	293	136	366
(	61	395	127	415
c	66	633	133	676
+	79	530	132	598
frac	85	815	94	910
a	88	975	156	1045
+	92	1154	162	1229
c	97	1374	160	1418
a	99	1304	166	1369
frac	116	809	126	904
images/equations/SKMBT_36317040717340_eq1.png	2	LATEX_REPR
2	21	1033	52	1075
x	54	918	147	993
images/equations/SKMBT_36317040717340_eq10.png	10	LATEX_REPR
n	22	703	60	748
)	30	655	157	683
(	36	453	163	504
m	50	1010	90	1085
m	51	587	78	639
n	53	1098	94	1141
a	62	512	145	576
a	72	901	176	987
-	91	800	99	844
-	102	804	116	865
images/equations/SKMBT_36317040717340_eq11.png	10	LATEX_REPR
b	21	1110	190	1183
n	32	1214	67	1249
n	39	719	87	777
(	52	405	224	470
n	57	1057	96	1091
2	71	452	173	597
)	71	625	217	675
a	83	947	163	1021
-	113	829	127	879
-	127	834	143	893
images/equations/SKMBT_36317040717340_eq12.png	17	LATEX_REPR
b	21	529	146	600
2	33	1512	67	1546
b	37	1425	178	1485
c	51	332	140	370
2	51	1290	81	1334
b	55	895	154	948
)	61	619	148	653
a	64	385	132	448
c	65	697	148	733
)	66	979	172	1028
a	78	1200	161	1264
a	79	751	147	801
+	86	446	120	504
-	98	1093	107	1129
-	99	830	113	884
-	103	1342	114	1385
-	111	1086	125	1156
images/equations/SKMBT_36317040717340_eq13.png	13	LATEX_REPR
m	21	489	57	550
m	32	1198	78	1253
n	32	1312	69	1362
a	41	383	137	455
-	47	1268	55	1307
n	48	863	82	918
n	62	616	82	635
a	74	1100	155	1176
a	82	765	170	854
-	96	975	104	1023
frac	98	555	114	699
-	114	970	127	1027
2	127	610	145	623
images/equations/SKMBT_36317040717340_eq14.png	10	LATEX_REPR
1	21	914	93	924
p	29	613	101	644
-	59	565	66	599
a	93	451	209	529
frac	99	830	122	1070
-	125	705	136	756
p	129	961	189	1001
-	137	709	148	765
sqrt	169	857	229	908
x	195	888	229	916
images/equations/SKMBT_36317040717340_eq15.png	12	LATEX_REPR
a	21	379	113	448
c	53	755	130	822
a	65	1127	143	1201
c	75	1218	132	1274
frac	123	337	138	537
x	139	583	193	626
x	141	709	288	910
-	143	968	154	1015
sqrt	150	1092	304	1365
-	156	975	176	1033
b	157	399	284	452
d	196	1250	304	1318
images/equations/SKMBT_36317040717340_eq17.png	13	LATEX_REPR
n	21	933	53	967
a	23	346	111	400
(	28	255	305	297
n	45	517	92	564
a	49	843	129	924
)	103	431	329	481
frac	145	306	169	450
frac	147	771	173	1043
-	150	603	158	652
-	173	608	186	682
b	177	872	323	939
b	180	351	303	399
n	196	968	228	997
images/equations/SKMBT_36317040717340_eq18.png	7	LATEX_REPR
b	21	599	227	696
a	90	296	201	388
0	107	861	202	916
x	118	423	187	472
+	124	505	184	550
-	142	757	152	799
-	152	753	176	834
images/equations/SKMBT_36317040717340_eq19.png	11	LATEX_REPR
b	21	629	182	697
2	47	492	77	521
x	80	387	167	462
a	87	267	173	372
0	90	1175	165	1225
x	101	722	172	796
c	102	966	169	1024
+	106	502	168	572
-	111	1096	118	1133
+	113	835	175	896
-	120	1080	140	1172
images/equations/SKMBT_36317040717340_eq2.png	2	LATEX_REPR
sqrt	21	856	171	989
x	90	922	159	979
images/equations/SKMBT_36317040717340_eq20.png	8	LATEX_REPR
b	21	553	197	668
2	48	716	80	760
4	65	871	191	959
delta	71	265	167	369
-	88	454	96	486
-	95	994	163	1192
frac	112	443	120	504
-	125	777	135	839
images/equations/SKMBT_36317040717340_eq21.png	13	LATEX_REPR
sqrt	21	955	186	1500
b	38	693	153	752
b	76	1064	172	1117
pm	78	820	147	899
2	83	1143	112	1174
4	86	1246	167	1309
cos	91	1139	94	1142
-	94	1329	154	1465
-	103	599	115	661
x	132	1169	152	1230
-	139	225	207	328
-	167	382	176	425
d	186	384	196	429
images/equations/SKMBT_36317040717340_eq22.png	19	LATEX_REPR
1	21	599	105	610
frac	100	183	120	315
frac	110	527	138	733
(	115	775	212	805
x	143	847	224	925
2	146	195	235	282
x	146	1050	216	1142
-	151	403	162	450
x	154	1547	238	1637
+	156	982	202	1027
+	159	1441	220	1492
+	166	1227	211	1272
-	170	402	184	459
1	176	954	213	964
2	179	1357	189	1369
2	181	1311	190	1326
2	183	1179	218	1210
-	189	1385	196	1402
n	190	581	259	663
images/equations/SKMBT_36317040717340_eq23.png	20	LATEX_REPR
f	21	989	217	1058
f	29	579	228	642
x	109	431	205	506
+	109	719	160	776
x	111	831	202	913
x	118	1456	201	1531
+	125	1138	180	1182
+	129	1361	179	1408
k	129	1534	227	1594
bar	137	101	160	178
-	150	1232	162	1254
1	152	521	178	529
2	152	937	181	985
2	154	1302	168	1324
2	156	1270	168	1289
1	161	656	197	663
2	167	1056	202	1099
m	188	106	248	179
=	203	261	220	309
-	219	269	235	313
images/equations/SKMBT_36317040717340_eq24.png	7	LATEX_REPR
frac	21	131	31	557
d	23	59	178	118
2	64	244	90	288
2	69	552	104	605
x	86	134	160	214
y	95	448	198	507
+	105	294	156	360
images/equations/SKMBT_36317040717340_eq25.png	12	LATEX_REPR
k	21	994	192	1071
h	34	631	192	713
2	53	814	82	866
y	60	56	226	155
a	86	303	164	362
)	88	738	197	781
(	96	401	178	424
+	103	881	161	945
-	108	200	115	235
x	109	444	190	525
-	127	205	138	249
-	131	535	145	592
images/equations/SKMBT_36317040717340_eq26.png	16	LATEX_REPR
y	21	86	191	189
a	43	383	137	452
)	44	1379	199	1428
(	50	485	154	516
x	54	1222	141	1295
-	57	251	64	296
)	57	861	157	893
x	59	701	154	767
(	62	937	172	975
x	65	557	150	612
x	69	1049	147	1104
-	76	248	88	303
2	93	1312	126	1368
1	97	805	142	815
-	97	1132	106	1185
-	99	627	109	680
images/equations/SKMBT_36317040717340_eq27.png	11	LATEX_REPR
b	21	813	178	906
2	59	943	94	993
4	84	408	186	487
cos	107	523	169	668
y	116	89	320	167
-	120	709	131	761
-	161	214	172	251
frac	169	384	204	1099
-	181	211	196	273
4	206	617	305	716
a	235	753	298	836
images/equations/SKMBT_36317040717340_eq28.png	7	LATEX_REPR
x	21	210	43	238
s	40	119	129	165
0	52	388	138	455
0	63	649	133	708
m	66	199	111	324
-	87	525	95	575
frac	101	529	115	602
images/equations/SKMBT_36317040717340_eq29.png	11	LATEX_REPR
sqrt	21	740	155	895
pi	49	350	143	462
2	69	832	110	902
-	99	185	112	218
-	129	89	208	300
-	132	613	144	664
-	143	617	164	689
frac	149	313	171	551
frac	153	717	175	972
4	173	382	252	474
2	197	803	258	897
images/equations/SKMBT_36317040717340_eq3.png	4	LATEX_REPR
3	21	789	82	824
frac	24	865	39	942
)	27	797	166	867
x	85	897	165	954
images/equations/SKMBT_36317040717340_eq30.png	5	LATEX_REPR
1	21	697	196	710
cos	59	142	138	356
0	59	390	148	462
frac	81	541	90	600
frac	101	554	112	626
images/equations/SKMBT_36317040717340_eq31.png	11	LATEX_REPR
frac	21	792	40	898
1	31	751	163	801
3	69	836	139	889
pi	73	326	149	419
cos	138	81	239	276
frac	160	570	171	633
frac	167	308	185	525
-	170	586	192	655
frac	175	725	189	986
(	185	385	285	434
2	216	788	303	892
images/equations/SKMBT_36317040717340_eq32.png	9	LATEX_REPR
1	21	757	106	765
pi	36	317	127	434
cos	88	112	202	272
frac	122	701	149	877
-	130	578	137	628
frac	142	332	158	493
-	147	577	165	636
3	178	382	255	446
2	178	737	255	869
images/equations/SKMBT_36317040717340_eq33.png	12	LATEX_REPR
)	21	911	151	966
frac	26	963	36	1062
pi	48	529	117	644
tan	58	171	243	454
4	65	622	121	647
3	68	995	139	1065
frac	143	508	173	726
-	150	767	159	824
frac	170	899	185	1131
-	171	772	179	831
6	178	571	279	626
3	210	981	293	1045
images/equations/SKMBT_36317040717340_eq34.png	11	LATEX_REPR
2	21	319	63	406
A	22	375	196	472
A	23	886	217	993
s	39	171	59	202
1	43	1232	213	1275
2	45	866	74	914
frac	62	53	166	254
+	77	503	130	557
cos	77	632	151	833
frac	87	1072	94	1131
frac	107	1076	118	1159
images/equations/SKMBT_36317040717340_eq35.png	8	LATEX_REPR
frac	21	698	146	1144
tan	29	102	212	341
-	32	802	52	845
A	68	367	216	489
-	115	546	124	601
-	133	550	141	616
A	162	986	274	1067
cos	173	785	245	959
images/equations/SKMBT_36317040717340_eq4.png	3	LATEX_REPR
x	21	801	107	880
frac	92	761	140	928
y	116	843	256	904
images/equations/SKMBT_36317040717340_eq5.png	3	LATEX_REPR
1	21	855	93	864
frac	100	781	133	961
2	155	825	233	902
images/equations/SKMBT_36317040717340_eq6.png	13	LATEX_REPR
-	21	768	51	865
)	31	1068	145	1111
-	40	1124	60	1180
)	42	721	288	766
a	64	816	135	859
a	78	1141	129	1191
frac	138	1080	167	1265
-	146	961	158	1002
frac	158	769	176	886
-	172	954	183	1010
sqrt	182	1062	325	1184
b	193	817	281	854
b	214	1140	310	1191
images/equations/SKMBT_36317040717340_eq7.png	15	LATEX_REPR
b	21	1181	126	1223
(	26	317	134	349
)	28	561	131	599
b	38	490	132	540
a	46	355	110	401
(	51	1097	116	1147
=	57	1304	170	1407
+	58	423	116	464
a	60	932	123	987
+	64	648	125	693
c	65	723	121	772
+	65	1232	116	1274
+	66	1000	106	1049
-	69	829	79	864
-	87	813	107	880
images/equations/SKMBT_36317040717340_eq8.png	11	LATEX_REPR
b	21	1139	144	1192
4	24	495	123	624
(	25	428	148	470
)	53	645	145	674
(	56	1066	134	1094
a	60	964	120	1024
)	61	1263	193	1305
c	68	724	122	779
-	73	838	81	878
c	85	1213	131	1264
-	90	843	99	892
images/equations/SKMBT_36317040717340_eq9.png	11	LATEX_REPR
b	21	555	143	598
a	26	378	104	457
2	34	984	130	1115
(	41	486	127	512
)	41	765	150	803
-	58	1233	120	1406
c	59	685	123	745
+	63	1154	113	1204
+	75	611	119	654
-	76	859	85	896
-	88	857	100	909
images/equations/SKMBT_36317040717341_eq1.png	2	LATEX_REPR
2	21	629	74	674
x	57	525	140	616
images/equations/SKMBT_36317040717341_eq10.png	10	LATEX_REPR
n	22	796	70	848
(	61	493	250	544
)	61	738	226	808
m	64	1280	131	1359
n	74	1399	127	1444
m	90	661	140	732
a	115	1187	205	1286
a	119	550	217	652
-	128	963	146	1021
-	141	610	141	612
images/equations/SKMBT_36317040717341_eq11.png	11	LATEX_REPR
n	21	829	65	879
b	34	1321	167	1382
(	38	583	196	631
n	40	1382	79	1423
)	53	777	174	830
n	62	1222	116	1272
b	67	715	158	780
a	94	1130	182	1221
a	104	643	163	710
-	112	951	122	1018
-	154	957	163	1012
images/equations/SKMBT_36317040717341_eq12.png	15	LATEX_REPR
(	22	549	176	600
)	33	851	164	919
(	33	959	178	1011
2	38	1526	99	1582
)	43	1215	184	1272
b	55	786	141	858
b	64	1157	142	1212
+	85	707	142	752
a	90	620	136	676
a	91	1000	139	1057
a	93	1453	167	1519
-	101	1329	115	1376
-	105	1091	122	1135
-	116	1616	136	1670
-	136	1335	150	1370
images/equations/SKMBT_36317040717341_eq13.png	13	LATEX_REPR
m	21	487	58	567
n	31	887	71	932
a	45	669	59	682
m	46	1264	90	1335
a	53	398	133	477
n	53	1455	98	1503
-	61	1371	74	1413
a	64	821	134	884
a	74	1165	153	1261
-	77	641	91	716
-	85	1022	94	1075
a	109	669	122	682
-	113	1028	125	1074
images/equations/SKMBT_36317040717341_eq14.png	9	LATEX_REPR
1	22	956	112	978
p	93	545	153	575
-	97	501	110	534
a	135	429	229	520
frac	144	826	164	1176
-	152	658	162	702
-	181	666	194	705
p	191	1043	252	1079
n	227	949	272	1023
images/equations/SKMBT_36317040717341_eq15.png	14	LATEX_REPR
a	21	438	86	514
c	33	790	97	873
a	49	1156	108	1231
c	54	1233	105	1307
mul	89	645	142	701
frac	99	419	116	564
frac	113	769	142	907
frac	119	1140	146	1355
-	125	1008	138	1051
b	133	447	218	529
-	151	1016	164	1059
d	153	805	238	860
b	157	1146	238	1210
d	161	1226	238	1276
images/equations/SKMBT_36317040717341_eq16.png	20	LATEX_REPR
a	21	338	112	426
d	28	1345	152	1403
c	53	760	116	850
a	61	1078	125	1149
a	113	600	127	613
mul	121	1235	174	1292
-	127	919	137	975
frac	131	739	146	864
frac	135	309	150	465
frac	139	1068	158	1177
-	141	565	155	652
frac	159	1326	180	1441
-	160	929	174	977
-	160	1508	172	1575
b	167	353	258	436
d	167	775	253	836
b	173	1089	248	1146
a	188	600	202	613
-	191	1516	207	1575
c	204	1355	258	1427
images/equations/SKMBT_36317040717341_eq17.png	13	LATEX_REPR
n	21	490	65	535
n	25	929	58	971
(	42	274	266	346
)	49	438	265	513
a	61	862	133	932
a	79	348	138	410
-	139	667	150	728
frac	151	813	168	1025
frac	162	336	177	453
-	169	673	182	726
n	181	955	212	1004
b	182	871	268	950
b	186	373	240	436
images/equations/SKMBT_36317040717341_eq18.png	7	LATEX_REPR
0	21	1035	141	1126
b	33	760	127	846
a	64	369	161	481
x	65	503	150	591
+	68	645	139	712
-	80	929	89	980
-	108	931	118	981
images/equations/SKMBT_36317040717341_eq19.png	11	LATEX_REPR
0	21	1304	146	1397
2	37	546	91	588
b	49	717	149	796
a	77	352	157	452
+	78	954	139	1014
x	79	822	150	888
c	87	1070	140	1148
-	88	1202	103	1253
x	94	477	151	539
+	102	623	156	676
-	109	1207	130	1256
images/equations/SKMBT_36317040717341_eq2.png	2	LATEX_REPR
sqrt	21	483	119	732
x	66	585	115	658
images/equations/SKMBT_36317040717341_eq20.png	9	LATEX_REPR
2	21	742	72	790
4	37	976	166	1037
b	38	680	164	756
delta	72	375	169	454
-	103	855	115	918
c	105	1151	156	1220
a	109	1075	156	1133
-	111	519	127	584
-	134	532	150	591
images/equations/SKMBT_36317040717341_eq21.png	14	LATEX_REPR
sqrt	22	843	154	1331
b	31	621	118	695
+	38	741	89	794
b	55	923	140	977
2	61	974	104	1013
-	75	531	92	591
4	75	1107	144	1147
c	92	1220	140	1278
-	99	736	114	794
-	104	1040	118	1079
a	106	1166	140	1211
+	124	281	174	367
-	144	397	158	447
m	172	533	174	542
images/equations/SKMBT_36317040717341_eq22.png	20	LATEX_REPR
1	21	475	103	504
(	40	654	236	724
-	87	167	108	255
x	113	936	180	1013
+	113	1090	176	1159
x	113	1543	185	1612
x	114	723	180	778
+	117	1438	175	1502
-	125	327	137	368
frac	129	443	143	599
+	129	852	180	892
a	133	1365	157	1390
x	134	179	218	252
a	134	1240	152	1255
a	135	1292	158	1315
1	154	797	187	807
2	154	1010	204	1056
-	158	337	171	376
n	167	1625	214	1685
n	171	474	229	533
images/equations/SKMBT_36317040717341_eq23.png	18	LATEX_REPR
f	21	912	152	981
f	39	509	150	571
x	49	374	134	449
x	64	772	148	844
+	73	1072	160	1137
x	83	1498	169	1584
+	88	667	148	720
frac	92	80	107	175
a	100	1304	129	1330
2	102	1216	128	1236
a	104	1392	131	1414
1	117	463	148	473
2	117	839	169	882
2	124	978	173	1026
b	133	83	193	165
1	133	578	160	588
k	139	1600	191	1635
-	155	241	168	296
images/equations/SKMBT_36317040717341_eq24.png	6	LATEX_REPR
sqrt	21	319	214	888
2	71	539	134	584
2	81	815	134	864
x	103	443	199	529
+	115	619	184	677
y	125	749	234	800
images/equations/SKMBT_36317040717341_eq25.png	12	LATEX_REPR
2	21	1120	76	1160
)	50	1064	197	1117
(	58	789	191	832
h	60	1008	177	1074
k	75	1345	187	1418
y	86	408	217	488
+	90	1237	175	1299
a	99	649	195	741
x	109	829	178	893
-	115	517	126	576
-	128	920	141	982
-	148	513	165	575
images/equations/SKMBT_36317040717341_eq26.png	16	LATEX_REPR
)	21	1608	195	1681
)	36	1141	178	1193
(	38	810	171	842
(	38	1238	163	1282
y	43	845	45	847
x	69	415	223	491
x	69	1489	133	1570
a	77	847	151	914
x	83	695	159	778
x	83	1037	149	1101
-	89	1292	148	1361
-	95	556	106	629
-	99	1398	113	1462
2	100	935	116	1004
1	113	1572	169	1620
-	126	1116	175	1127
images/equations/SKMBT_36317040717341_eq27.png	12	LATEX_REPR
2	22	1134	78	1187
b	34	1076	148	1152
4	56	685	179	744
-	106	955	123	1024
c	107	827	156	896
a	109	763	160	814
y	119	369	312	456
-	144	524	157	575
frac	183	673	205	1263
-	190	523	209	573
4	225	894	355	963
a	298	979	358	1049
images/equations/SKMBT_36317040717341_eq28.png	8	LATEX_REPR
0	21	988	140	1089
0	25	757	147	845
a	44	785	46	787
s	49	649	64	663
-	55	523	144	619
n	61	892	75	936
1	80	676	142	723
-	87	650	139	662
images/equations/SKMBT_36317040717341_eq29.png	13	LATEX_REPR
sqrt	22	1018	121	1178
pi	30	651	113	740
2	44	1078	121	1145
n	101	518	117	538
s	114	417	183	492
-	122	874	137	924
frac	132	635	149	806
1	133	524	189	535
n	134	555	186	602
frac	134	988	159	1241
-	164	877	176	922
4	168	683	259	732
2	190	1051	269	1146
images/equations/SKMBT_36317040717341_eq3.png	3	LATEX_REPR
3	21	469	75	512
sqrt	31	459	175	693
x	75	563	173	636
images/equations/SKMBT_36317040717341_eq30.png	7	LATEX_REPR
1	21	921	148	1040
0	33	724	152	813
c	54	442	147	517
o	75	533	148	598
s	77	622	142	675
-	79	848	90	885
=	97	849	115	886
images/equations/SKMBT_36317040717341_eq31.png	12	LATEX_REPR
sqrt	21	1054	127	1183
3	52	1110	125	1158
pi	55	699	123	815
c	106	405	201	484
s	119	569	204	625
o	130	499	213	568
-	135	905	148	951
frac	140	701	159	809
frac	145	1038	167	1221
6	172	729	253	786
-	177	913	187	952
2	186	1078	257	1148
images/equations/SKMBT_36317040717341_eq32.png	11	LATEX_REPR
1	21	1092	107	1105
pi	30	667	102	775
c	97	370	190	444
o	99	464	188	535
-	100	917	118	969
s	101	539	190	592
frac	107	655	130	807
frac	125	1033	145	1161
-	134	917	154	968
3	147	695	228	758
2	159	1063	236	1130
images/equations/SKMBT_36317040717341_eq33.png	12	LATEX_REPR
sqrt	21	878	123	1018
3	46	951	115	997
t	58	238	230	346
pi	59	529	128	633
-	148	767	159	828
frac	155	879	174	1081
frac	159	525	172	658
n	165	416	210	490
a	166	345	230	414
6	175	569	258	621
3	187	925	274	1003
-	189	771	204	828
images/equations/SKMBT_36317040717341_eq34.png	15	LATEX_REPR
1	21	1242	145	1265
2	22	411	77	462
2	24	934	91	980
A	26	1009	147	1073
A	35	498	151	548
n	52	326	72	346
s	63	218	161	305
+	71	610	136	655
c	74	715	151	791
-	74	1146	95	1220
1	79	329	147	340
s	79	847	148	907
o	82	799	151	856
n	86	349	144	405
-	104	1143	117	1210
images/equations/SKMBT_36317040717341_eq35.png	15	LATEX_REPR
A	21	994	134	1052
n	37	875	56	897
t	40	229	224	320
s	56	783	119	859
A	57	485	206	561
n	72	901	132	948
1	73	877	126	892
-	128	610	142	675
a	138	311	227	368
n	144	369	219	432
frac	152	753	177	1121
-	166	607	183	668
2	194	766	299	900
A	199	996	302	1047
s	220	896	295	954
images/equations/SKMBT_36317040717341_eq4.png	3	LATEX_REPR
x	21	537	96	620
frac	129	500	156	667
y	167	527	265	600
images/equations/SKMBT_36317040717341_eq5.png	3	LATEX_REPR
1	21	553	104	570
frac	106	514	122	639
2	154	533	220	600
images/equations/SKMBT_36317040717341_eq6.png	10	LATEX_REPR
sqrt	21	341	224	575
sqrt	43	781	136	922
a	75	461	132	522
a	77	847	136	899
-	137	651	152	693
frac	143	457	159	541
frac	151	754	180	989
b	167	462	237	524
-	171	653	188	694
=	198	776	257	918
images/equations/SKMBT_36317040717341_eq7.png	14	LATEX_REPR
(	21	199	194	242
)	37	234	37	236
(	42	591	155	641
b	53	1430	190	1475
b	61	511	132	573
a	65	1502	164	1547
c	68	1131	143	1227
-	74	813	136	886
+	85	992	95	1030
+	85	1295	133	1355
+	87	697	145	750
a	88	413	135	457
+	90	267	147	325
-	98	1584	148	1615
images/equations/SKMBT_36317040717341_eq8.png	12	LATEX_REPR
(	21	393	197	440
(	36	1161	187	1201
)	54	591	181	650
)	56	1358	202	1423
b	63	523	154	586
b	66	1228	163	1279
a	86	1072	155	1144
c	92	693	150	764
a	102	463	165	515
-	104	862	117	917
c	110	1296	160	1353
-	145	873	159	912
images/equations/SKMBT_36317040717341_eq9.png	13	LATEX_REPR
(	22	590	178	635
)	41	891	178	948
b	54	1240	147	1305
b	60	635	151	696
-	82	1024	97	1075
+	83	1358	142	1409
a	88	481	156	563
a	90	1178	154	1245
a	90	1462	153	1523
c	91	1538	152	1607
c	93	836	155	892
+	100	738	156	772
-	124	1032	135	1082
images/equations/SKMBT_36317040717350_eq1.png	2	LATEX_REPR
2	22	862	63	894
x	48	765	148	844
images/equations/SKMBT_36317040717350_eq2.png	3	LATEX_REPR
sqrt	22	689	155	858
x	69	741	167	829
1	96	686	104	690
images/equations/SKMBT_36317040717351_eq1.png	2	LATEX_REPR
2	21	813	88	871
x	65	707	176	800
images/equations/SKMBT_36317040717351_eq10.png	10	LATEX_REPR
(	21	245	161	293
n	27	455	81	487
)	30	407	176	440
m	46	351	80	401
n	61	753	95	794
a	64	284	132	343
m	66	691	104	748
a	93	617	156	705
-	97	535	102	574
-	117	541	123	567
images/equations/SKMBT_36317040717351_eq11.png	11	LATEX_REPR
)	21	413	148	445
b	23	365	125	407
n	26	455	70	495
b	33	765	133	818
n	34	827	85	872
(	38	269	155	303
n	47	709	86	748
a	76	298	135	354
a	87	627	151	701
-	94	539	102	566
-	118	534	127	568
images/equations/SKMBT_36317040717351_eq12.png	17	LATEX_REPR
b	21	1136	130	1191
b	23	422	103	463
)	29	476	127	506
(	30	235	112	270
)	30	715	143	752
2	30	1200	76	1293
2	34	1010	78	1048
b	39	655	122	711
(	40	507	137	536
a	54	266	107	312
-	60	782	83	876
a	71	935	121	1007
+	72	353	102	399
a	78	529	125	591
-	82	1060	101	1126
-	89	593	97	632
frac	100	788	109	859
images/equations/SKMBT_36317040717351_eq13.png	13	LATEX_REPR
m	22	347	78	418
n	30	643	89	677
m	34	885	96	959
n	39	1004	92	1041
a	44	553	136	628
a	45	257	140	332
a	49	488	58	497
a	59	803	165	866
-	70	966	77	1002
-	85	448	92	512
-	95	722	102	769
a	109	481	120	489
-	113	732	120	765
images/equations/SKMBT_36317040717351_eq14.png	9	LATEX_REPR
1	23	692	106	700
p	35	473	127	512
a	65	339	169	414
-	77	425	82	461
frac	115	645	124	760
-	124	541	132	586
p	134	717	190	754
-	147	551	154	578
a	168	655	233	716
images/equations/SKMBT_36317040717351_eq15.png	13	LATEX_REPR
a	21	220	74	272
c	42	408	112	459
a	45	632	110	682
c	53	685	107	730
mul	94	317	138	363
frac	97	210	107	277
-	111	527	119	553
-	134	534	140	559
-	139	393	151	458
frac	140	609	154	711
b	142	214	219	258
d	158	395	245	456
2	160	615	244	714
images/equations/SKMBT_36317040717351_eq16.png	25	LATEX_REPR
a	22	178	88	236
d	33	818	151	876
d	37	1044	150	1099
c	39	429	106	493
a	65	655	128	713
a	83	990	152	1042
m	88	344	98	358
frac	110	160	124	262
frac	117	304	126	380
-	127	559	134	596
frac	136	419	148	495
b	137	178	228	222
2	141	347	152	354
mul	145	740	179	779
-	150	925	157	958
d	155	419	248	475
-	155	563	162	585
frac	157	635	165	706
frac	166	805	177	871
frac	167	997	178	1083
b	179	645	266	698
-	179	921	188	958
b	200	992	280	1042
c	219	810	258	859
c	232	1046	280	1097
images/equations/SKMBT_36317040717351_eq17.png	13	LATEX_REPR
n	21	410	77	459
n	24	817	68	864
a	42	718	114	799
)	51	309	252	375
(	52	68	249	136
a	79	206	124	253
-	100	542	105	568
-	124	543	129	567
frac	136	170	162	313
frac	140	673	162	902
b	162	245	229	295
n	166	825	214	875
b	184	731	273	802
images/equations/SKMBT_36317040717351_eq18.png	7	LATEX_REPR
b	22	557	132	640
0	30	793	131	876
a	48	165	133	248
x	53	282	132	380
+	66	420	125	478
-	72	693	79	733
-	90	692	98	737
images/equations/SKMBT_36317040717351_eq19.png	11	LATEX_REPR
2	21	320	75	378
b	35	557	161	636
0	57	1192	151	1290
a	64	99	150	176
+	65	404	124	476
c	66	939	138	1009
x	70	211	152	287
x	79	675	157	763
+	79	801	141	861
-	86	1083	91	1132
frac	101	868	103	870
images/equations/SKMBT_36317040717351_eq2.png	2	LATEX_REPR
sqrt	21	609	189	791
x	63	677	181	763
images/equations/SKMBT_36317040717351_eq20.png	7	LATEX_REPR
4	22	784	174	876
2	37	547	88	600
b	69	457	157	530
delta	70	111	179	217
c	77	1004	158	1083
a	99	897	159	961
frac	108	670	114	731
images/equations/SKMBT_36317040717351_eq21.png	19	LATEX_REPR
sqrt	21	1008	186	1241
frac	27	1250	31	1323
frac	29	1328	44	1511
4	52	1286	166	1359
2	55	1153	98	1190
b	56	670	159	754
b	67	1080	170	1144
+	69	802	145	863
c	89	1456	154	1501
a	96	1196	98	1196
-	97	1369	155	1428
-	119	1222	125	1261
frac	120	588	131	644
x	143	815	153	893
-	149	211	248	311
-	169	387	179	438
frac	196	374	206	425
2	216	571	260	1561
a	250	868	352	958
images/equations/SKMBT_36317040717351_eq22.png	14	LATEX_REPR
1	21	498	116	630
frac	36	135	58	257
(	55	681	202	740
x	69	1554	156	1635
x	77	147	188	231
x	87	1038	180	1110
+	99	1176	162	1235
+	103	1455	164	1501
x	107	761	188	840
+	109	930	174	1000
a	126	1503	129	1508
2	127	1239	129	1241
n	139	1108	193	1157
1	149	533	213	603
images/equations/SKMBT_36317040717351_eq23.png	15	LATEX_REPR
f	21	618	174	734
f	48	1063	203	1165
+	71	1509	129	1576
x	72	905	158	982
x	73	460	178	545
+	93	796	157	852
+	98	1264	162	1314
2	121	992	172	1049
frac	123	90	134	214
1	135	595	177	605
1	142	716	198	724
x	155	77	224	171
2	155	1172	204	1228
-	189	259	194	298
frac	207	259	215	315
images/equations/SKMBT_36317040717351_eq24.png	9	LATEX_REPR
frac	22	815	29	923
frac	23	345	91	810
2	57	779	132	888
2	83	531	144	587
1	95	340	163	348
x	110	426	213	516
y	115	656	300	773
+	118	624	181	688
y	157	283	283	349
images/equations/SKMBT_36317040717351_eq25.png	10	LATEX_REPR
2	21	955	74	1014
)	46	861	177	906
k	47	1230	147	1312
(	50	458	176	527
h	62	763	167	831
y	79	32	198	89
+	81	1102	138	1182
x	83	543	164	620
a	87	317	152	386
-	111	676	119	732
images/equations/SKMBT_36317040717351_eq26.png	16	LATEX_REPR
)	22	1490	157	1543
)	26	942	146	972
(	27	1010	139	1054
(	33	444	163	533
x	42	1318	137	1406
x	48	1092	139	1170
x	61	763	141	836
-	77	1211	84	1247
x	79	543	157	612
y	80	56	197	128
a	84	319	142	377
-	103	215	110	263
-	103	649	110	701
2	103	1413	155	1458
1	121	865	177	899
-	124	224	133	257
images/equations/SKMBT_36317040717351_eq27.png	8	LATEX_REPR
2	21	898	60	963
4	27	405	156	490
b	33	820	136	887
c	63	576	136	646
a	74	488	147	545
-	91	685	101	753
1	137	131	156	138
2	143	74	156	81
images/equations/SKMBT_36317040717351_eq28.png	9	LATEX_REPR
0	22	829	156	955
0	29	498	148	612
a	52	344	57	349
s	67	243	139	325
1	70	352	130	366
n	71	389	127	448
-	73	693	82	744
m	98	700	106	719
a	99	725	104	731
images/equations/SKMBT_36317040717351_eq29.png	14	LATEX_REPR
sqrt	21	746	127	929
2	57	809	121	889
pi	73	392	138	483
+	134	258	144	264
-	137	616	142	650
n	138	295	203	350
s	144	163	214	238
frac	145	471	152	517
frac	147	378	161	464
1	154	263	210	274
frac	156	614	160	646
frac	156	649	158	650
4	157	695	174	934
2	161	939	163	942
images/equations/SKMBT_36317040717351_eq3.png	3	LATEX_REPR
sqrt	21	552	218	743
3	65	551	120	595
x	87	633	207	708
images/equations/SKMBT_36317040717351_eq30.png	5	LATEX_REPR
1	22	745	151	864
0	32	425	144	544
s	75	312	151	376
0	77	177	165	242
o	101	257	150	307
images/equations/SKMBT_36317040717351_eq31.png	13	LATEX_REPR
sqrt	22	723	149	896
3	59	797	154	869
m	82	393	86	406
1	84	415	140	428
1	84	443	144	450
cos	123	203	195	332
c	125	119	202	171
-	143	571	150	607
frac	147	392	163	515
frac	166	723	181	919
-	167	566	175	603
6	180	422	262	490
2	201	769	284	876
images/equations/SKMBT_36317040717351_eq32.png	11	LATEX_REPR
1	22	732	111	853
pi	31	369	94	437
c	78	103	152	167
s	81	257	141	322
o	97	180	148	225
-	103	616	111	656
frac	105	360	126	518
m	106	856	107	860
-	120	610	129	653
3	134	403	224	473
2	136	780	212	870
images/equations/SKMBT_36317040717351_eq33.png	12	LATEX_REPR
sqrt	21	798	135	937
3	59	846	137	907
pi	80	427	142	501
t	93	132	205	215
n	136	316	197	377
a	138	227	203	285
-	142	686	147	711
frac	152	778	161	981
frac	158	413	167	567
-	166	679	169	699
3	176	374	179	376
6	179	845	247	916
images/equations/SKMBT_36317040717351_eq34.png	13	LATEX_REPR
1	22	1195	132	1301
2	33	851	77	899
2	38	320	88	366
A	44	908	140	991
A	48	363	148	451
s	55	108	152	194
n	64	218	69	224
c	65	672	129	714
+	69	547	122	606
s	71	780	135	829
o	74	725	130	767
1	85	211	146	218
n	85	247	152	300
images/equations/SKMBT_36317040717351_eq35.png	11	LATEX_REPR
A	22	886	113	974
a	41	759	46	766
s	50	649	117	718
n	58	786	118	849
1	60	755	114	762
A	82	385	164	442
+	89	110	164	181
-	117	536	123	571
n	126	195	164	246
n	128	270	164	334
-	137	538	143	581
images/equations/SKMBT_36317040717351_eq4.png	3	LATEX_REPR
x	22	564	128	661
frac	153	547	176	678
y	195	563	360	660
images/equations/SKMBT_36317040717351_eq5.png	3	LATEX_REPR
1	21	589	137	602
frac	119	545	197	670
2	193	583	292	659
images/equations/SKMBT_36317040717351_eq6.png	11	LATEX_REPR
sqrt	22	351	317	546
sqrt	39	727	183	876
a	94	437	166	486
a	106	780	171	837
-	174	617	184	646
-	193	435	202	493
-	206	617	213	651
frac	219	715	229	844
b	221	439	319	492
sqrt	238	707	351	849
b	274	757	351	812
images/equations/SKMBT_36317040717351_eq7.png	16	LATEX_REPR
)	21	409	178	446
b	38	333	166	386
)	39	1179	240	1209
(	45	947	180	985
(	49	164	174	198
b	53	984	166	1036
c	86	561	158	616
a	87	203	158	254
+	95	481	145	517
+	96	277	151	329
-	99	672	111	715
a	99	755	170	831
c	102	1116	163	1175
+	103	1049	162	1086
+	108	855	161	890
-	134	665	144	723
images/equations/SKMBT_36317040717351_eq8.png	12	LATEX_REPR
b	21	375	160	420
(	23	266	162	314
(	25	793	156	836
)	27	964	193	997
)	35	441	170	468
b	43	843	152	889
a	73	305	152	361
a	83	696	160	757
c	96	493	162	535
c	97	906	162	958
-	105	591	113	628
-	128	593	136	629
images/equations/SKMBT_36317040717351_eq9.png	13	LATEX_REPR
)	21	609	197	643
(	24	340	149	381
b	27	387	143	430
b	41	775	155	835
a	55	233	147	311
c	79	996	149	1065
+	83	863	125	898
a	83	911	159	973
c	84	527	151	569
a	84	703	158	763
+	88	451	136	488
m	98	666	105	686
-	120	663	127	686
images/equations/SKMBT_36317040717360_eq1.png	2	LATEX_REPR
2	21	781	85	828
x	65	676	142	761
images/equations/SKMBT_36317040717360_eq10.png	10	LATEX_REPR
)	21	475	165	515
n	24	877	76	934
n	25	531	65	578
m	26	793	70	859
(	31	240	178	285
m	42	377	89	457
a	78	707	145	785
a	84	282	158	365
-	84	629	95	669
-	105	634	115	674
images/equations/SKMBT_36317040717360_eq11.png	11	LATEX_REPR
b	22	881	147	934
n	24	811	74	862
n	28	545	88	592
n	30	950	75	1000
(	34	263	171	313
b	37	413	146	467
)	39	483	170	532
a	74	725	147	810
-	86	642	97	691
a	92	323	152	390
-	113	652	122	687
images/equations/SKMBT_36317040717360_eq12.png	17	LATEX_REPR
b	22	1129	132	1179
b	29	637	138	690
)	29	706	153	748
(	31	40	166	86
b	32	295	148	354
(	32	434	152	476
2	34	966	86	1016
)	35	372	151	408
2	37	1184	88	1237
+	68	191	121	246
a	73	891	132	958
-	75	799	84	844
a	79	489	134	551
a	85	85	146	150
-	87	569	98	617
-	92	1045	102	1099
-	97	808	107	852
images/equations/SKMBT_36317040717360_eq13.png	14	LATEX_REPR
n	21	1056	76	1101
1	32	613	84	632
m	36	286	87	362
n	37	633	86	668
m	41	896	84	972
frac	44	1000	50	1043
a	57	445	69	456
a	75	192	152	273
-	75	709	89	763
a	76	795	143	870
a	87	531	142	594
-	100	405	116	482
-	106	711	115	758
a	127	441	144	453
images/equations/SKMBT_36317040717360_eq14.png	9	LATEX_REPR
1	21	647	96	657
p	57	387	151	439
-	87	331	103	376
frac	106	592	126	749
a	119	239	200	314
-	125	474	134	511
-	141	485	151	513
p	143	675	197	709
n	177	605	218	661
images/equations/SKMBT_36317040717360_eq15.png	14	LATEX_REPR
c	21	943	95	999
a	24	287	92	342
c	24	597	94	669
a	35	855	94	922
x	85	452	154	515
-	107	755	118	796
frac	111	242	132	421
frac	123	571	134	720
frac	129	836	144	1083
-	135	760	145	796
d	147	587	256	646
b	148	869	262	915
b	151	285	245	339
d	157	927	266	991
images/equations/SKMBT_36317040717360_eq16.png	25	LATEX_REPR
d	22	1454	144	1523
d	43	1115	165	1185
a	54	239	130	308
c	54	634	133	705
a	76	859	155	926
a	85	1356	149	1430
m	131	489	141	505
frac	145	191	166	382
mul	145	1017	209	1075
frac	159	839	176	987
-	160	746	170	789
frac	169	614	181	728
frac	172	429	191	547
-	173	1261	183	1307
-	179	761	188	803
frac	180	1338	197	1523
frac	187	1094	203	1213
-	197	1269	207	1311
b	200	234	311	288
b	200	875	311	932
d	204	614	305	673
x	210	472	239	493
b	226	1353	352	1414
c	242	1090	321	1159
c	284	1428	356	1485
images/equations/SKMBT_36317040717360_eq17.png	14	LATEX_REPR
n	22	798	79	843
n	47	465	122	514
a	55	707	127	780
(	59	215	190	274
a	68	294	133	359
)	68	409	248	456
-	137	569	150	638
frac	143	270	165	420
frac	143	699	161	852
-	163	589	176	634
b	185	315	286	364
n	187	775	234	822
b	193	216	254	260
b	193	703	299	752
images/equations/SKMBT_36317040717360_eq18.png	7	LATEX_REPR
b	22	544	170	603
0	47	755	180	840
+	92	439	153	500
a	93	240	187	337
x	94	337	171	402
-	105	645	117	696
-	125	660	136	702
images/equations/SKMBT_36317040717360_eq19.png	11	LATEX_REPR
b	22	597	162	653
0	26	1032	147	1129
2	36	377	100	434
c	68	844	146	907
+	69	769	109	824
-	76	950	87	988
+	88	475	157	537
x	91	674	156	730
a	93	195	182	280
x	98	293	169	363
-	102	951	111	993
images/equations/SKMBT_36317040717360_eq2.png	2	LATEX_REPR
sqrt	21	630	179	844
x	83	719	171	794
images/equations/SKMBT_36317040717360_eq20.png	10	LATEX_REPR
2	21	541	84	595
b	38	472	170	532
a	47	711	123	797
delta	59	239	178	333
c	93	883	164	938
-	99	377	110	434
a	101	798	160	855
-	113	621	128	674
-	121	392	134	442
2	134	747	151	754
images/equations/SKMBT_36317040717360_eq21.png	18	LATEX_REPR
b	24	515	135	570
sqrt	24	706	165	1177
2	41	609	98	669
2	52	855	105	903
a	57	846	61	850
4	60	990	150	1051
1	62	809	108	822
-	91	424	103	487
c	92	1130	156	1173
a	105	1063	146	1106
o	110	801	160	842
-	110	915	124	959
-	126	607	137	678
x	128	161	225	248
-	134	318	146	370
2	134	1103	147	1111
-	160	334	169	385
m	220	711	245	772
images/equations/SKMBT_36317040717360_eq22.png	25	LATEX_REPR
1	22	585	95	594
x	55	720	122	773
bar	89	215	109	309
x	106	1025	173	1097
+	108	1429	162	1488
+	109	1170	165	1219
x	109	1508	171	1584
frac	118	514	145	691
x	120	785	187	857
+	121	935	175	997
x	124	196	237	276
2	126	710	214	756
-	133	373	149	432
-	163	391	175	436
n	163	1580	215	1636
2	166	1085	232	1137
m	167	1314	180	1329
a	169	1189	171	1190
1	169	1362	180	1373
m	172	857	248	869
n	173	1260	185	1276
+	174	564	235	621
s	193	619	208	628
1	202	239	228	260
m	211	617	233	627
images/equations/SKMBT_36317040717360_eq23.png	22	LATEX_REPR
f	22	579	148	670
f	22	1616	140	1688
f	45	968	166	1034
x	63	1485	129	1549
+	64	744	134	799
x	65	461	137	528
+	71	1378	140	1443
x	74	835	145	899
+	86	1131	145	1173
k	96	1544	174	1599
-	97	168	112	256
)	109	1178	109	1179
1	114	1180	116	1181
2	116	1668	174	1688
1	118	549	176	562
x	125	896	190	946
2	127	654	188	666
a	136	145	222	224
a	141	1026	201	1077
m	145	1315	160	1325
-	147	1225	160	1238
-	147	1266	161	1281
images/equations/SKMBT_36317040717360_eq24.png	11	LATEX_REPR
sqrt	74	451	262	978
frac	78	981	88	1146
2	118	931	175	987
2	120	631	180	691
x	154	533	238	606
+	159	733	215	794
1	166	865	198	874
y	168	866	283	923
x	171	417	220	441
1	227	439	242	448
k	258	856	283	868
images/equations/SKMBT_36317040717360_eq25.png	13	LATEX_REPR
(	21	551	173	599
h	22	761	146	812
2	26	882	87	942
x	27	827	81	873
k	33	1066	161	1132
+	67	979	132	1037
a	70	455	146	532
y	71	286	217	351
-	81	385	92	431
x	84	610	149	675
)	85	840	170	878
-	98	693	114	749
-	103	403	113	436
images/equations/SKMBT_36317040717360_eq26.png	16	LATEX_REPR
(	21	1029	169	1093
)	22	1349	141	1403
(	26	592	180	650
)	38	971	150	1019
x	67	1235	126	1299
x	68	835	142	903
x	74	1051	134	1112
a	81	477	158	555
y	82	255	225	322
x	83	667	145	727
-	84	1142	102	1203
-	86	365	99	409
-	97	765	114	823
-	109	376	120	411
2	112	1297	182	1339
1	127	929	179	942
images/equations/SKMBT_36317040717360_eq27.png	11	LATEX_REPR
b	21	807	135	860
2	26	885	76	956
4	35	470	133	545
a	76	557	136	622
c	77	640	136	688
-	80	715	94	782
y	135	238	291	306
-	148	344	160	390
-	167	355	179	387
4	203	551	296	632
a	254	645	317	710
images/equations/SKMBT_36317040717360_eq28.png	9	LATEX_REPR
0	21	743	133	831
0	25	501	139	587
a	31	385	42	396
s	38	548	40	549
-	53	314	142	371
1	66	636	82	693
n	74	388	101	396
-	78	416	80	419
1	81	411	141	458
images/equations/SKMBT_36317040717360_eq29.png	13	LATEX_REPR
sqrt	21	831	121	991
pi	36	549	111	650
2	60	891	137	951
n	89	399	99	411
-	123	734	139	782
s	125	320	214	372
frac	135	535	159	684
n	141	421	197	469
1	143	395	196	403
-	149	743	161	782
frac	169	829	185	989
4	185	578	271	649
2	205	863	290	928
images/equations/SKMBT_36317040717360_eq3.png	3	LATEX_REPR
sqrt	21	586	171	824
3	24	590	95	640
x	75	696	153	765
images/equations/SKMBT_36317040717360_eq30.png	6	LATEX_REPR
1	22	847	150	859
0	36	575	143	658
a	50	326	149	465
s	70	462	148	522
-	73	709	89	769
-	101	731	112	764
images/equations/SKMBT_36317040717360_eq31.png	13	LATEX_REPR
sqrt	21	796	141	975
pi	67	496	144	600
3	72	872	139	925
1	126	560	157	567
n	151	283	166	312
=	160	675	174	714
cos	167	259	238	376
s	170	387	232	426
frac	177	784	194	975
frac	178	485	193	621
-	179	687	196	737
6	223	513	307	558
2	228	840	313	908
images/equations/SKMBT_36317040717360_eq32.png	10	LATEX_REPR
1	21	878	117	895
n	111	287	130	310
1	130	265	185	283
frac	130	815	152	965
o	150	308	206	370
-	151	715	162	757
-	173	723	185	758
2	187	847	275	910
-	189	276	200	306
3	193	546	284	596
images/equations/SKMBT_36317040717360_eq33.png	13	LATEX_REPR
sqrt	21	716	136	901
pi	51	400	122	513
3	65	800	143	857
2	78	136	191	231
a	148	235	203	289
n	148	304	202	350
frac	155	394	168	552
-	156	603	164	653
frac	157	715	181	956
-	180	610	192	658
-	188	175	210	230
6	194	435	280	486
3	208	797	284	858
images/equations/SKMBT_36317040717360_eq34.png	14	LATEX_REPR
A	21	443	131	526
1	23	1180	150	1203
A	24	937	150	1028
2	32	367	84	440
2	32	830	86	890
m	54	261	61	274
+	55	574	108	623
a	66	656	138	770
s	67	180	152	240
-	73	1063	88	1119
s	76	779	142	828
1	97	258	152	277
n	97	289	139	346
-	98	1082	107	1139
images/equations/SKMBT_36317040717360_eq35.png	14	LATEX_REPR
A	22	927	130	1014
a	43	837	50	845
s	68	754	133	806
1	77	832	113	844
n	78	855	118	904
A	87	444	229	541
b	94	181	232	339
frac	141	767	169	1132
-	152	602	165	646
n	174	346	237	400
-	176	605	189	656
A	176	940	277	1012
a	205	839	275	937
c	208	771	271	834
images/equations/SKMBT_36317040717360_eq4.png	3	LATEX_REPR
x	22	696	92	765
frac	109	651	133	815
y	161	701	267	748
images/equations/SKMBT_36317040717360_eq5.png	3	LATEX_REPR
1	23	687	105	702
frac	129	620	140	788
2	167	660	254	727
images/equations/SKMBT_36317040717360_eq6.png	11	LATEX_REPR
sqrt	21	648	134	812
sqrt	30	295	283	465
a	63	721	120	780
a	68	378	123	433
-	139	517	155	562
frac	144	653	168	854
frac	151	362	170	476
-	159	529	170	574
sqrt	177	679	302	833
b	183	389	287	434
b	213	745	315	789
images/equations/SKMBT_36317040717360_eq7.png	16	LATEX_REPR
b	23	1191	150	1239
(	30	1134	161	1176
)	31	1412	162	1461
b	32	482	147	529
(	36	261	172	307
)	40	541	154	582
c	59	1343	137	1410
+	62	1036	113	1093
+	64	1268	122	1319
a	66	923	133	1007
+	67	406	118	459
+	73	619	138	672
c	73	712	148	780
-	81	817	92	864
a	85	321	139	384
-	100	830	113	868
images/equations/SKMBT_36317040717360_eq8.png	12	LATEX_REPR
b	21	912	145	969
(	22	847	165	896
b	25	375	143	424
(	26	222	157	263
)	28	435	152	484
)	38	1047	164	1091
-	75	637	83	699
c	76	515	145	574
a	79	745	141	826
a	80	284	142	355
c	88	989	145	1051
-	96	649	107	699
images/equations/SKMBT_36317040717360_eq9.png	13	LATEX_REPR
(	22	316	173	362
b	22	851	147	903
)	32	582	161	632
b	33	366	154	424
c	62	1093	139	1157
c	64	509	139	581
+	64	940	116	992
+	70	446	123	495
a	71	1010	132	1077
a	75	231	141	296
a	77	752	142	831
-	78	663	89	704
-	103	667	116	714
images/equations/SKMBT_36317040717362_eq1.png	2	LATEX_REPR
2	21	875	52	899
x	56	769	134	858
images/equations/SKMBT_36317040717362_eq10.png	8	LATEX_REPR
n	21	1158	56	1199
n	25	744	53	771
m	31	1078	62	1134
m	33	631	68	674
)	38	695	140	715
(	39	512	144	537
a	52	996	135	1060
a	58	543	140	600
images/equations/SKMBT_36317040717362_eq11.png	11	LATEX_REPR
b	21	1084	139	1128
n	30	1155	69	1191
n	31	764	67	795
(	43	546	160	565
b	47	652	149	684
n	53	1022	87	1057
)	64	707	158	725
-	71	882	78	917
a	72	939	148	1007
a	86	588	168	639
-	100	882	106	913
images/equations/SKMBT_36317040717362_eq12.png	17	LATEX_REPR
b	22	483	149	523
2	39	1360	67	1380
b	43	1294	171	1326
)	52	563	168	592
(	52	629	176	664
b	52	793	153	836
2	56	1182	83	1204
)	62	854	164	898
+	67	407	146	458
(	70	310	157	332
a	75	663	153	727
a	84	339	153	403
-	92	997	103	1034
a	94	1088	163	1154
-	99	739	112	799
-	116	1207	123	1270
-	124	1003	135	1042
images/equations/SKMBT_36317040717362_eq13.png	13	LATEX_REPR
n	21	1132	67	1183
m	32	1018	75	1077
n	36	701	66	734
-	36	1088	46	1119
m	44	437	72	483
a	56	917	135	980
a	72	607	149	673
-	74	821	81	852
a	76	345	155	416
+	83	533	97	544
-	99	821	106	846
-	108	503	116	565
2	132	526	141	537
images/equations/SKMBT_36317040717362_eq14.png	8	LATEX_REPR
2	22	693	54	712
1	27	1025	94	1040
1	31	677	106	690
-	41	626	48	659
a	67	525	146	591
frac	109	931	121	1079
2	133	1020	166	1045
n	153	957	166	988
images/equations/SKMBT_36317040717362_eq15.png	13	LATEX_REPR
a	21	1163	86	1220
c	26	1231	80	1275
c	27	851	78	893
a	29	568	95	617
mul	86	705	166	762
frac	91	825	100	926
-	96	1026	104	1066
x	97	1137	236	1300
frac	111	533	120	663
d	111	834	211	899
-	115	1036	124	1068
b	123	1163	212	1195
b	136	597	200	640
images/equations/SKMBT_36317040717362_eq16.png	24	LATEX_REPR
d	21	1581	127	1651
d	24	1255	144	1337
c	70	740	123	788
a	75	1520	121	1574
a	76	1040	138	1086
a	86	465	150	518
-	129	1402	136	1433
frac	131	1488	142	1630
mul	134	1150	209	1212
1	137	625	158	633
-	139	931	146	966
x	149	697	256	814
frac	151	1017	168	1123
frac	151	1237	163	1344
frac	155	427	170	560
-	167	931	174	969
-	167	1400	174	1433
-	169	603	176	654
c	171	1276	231	1315
b	173	1049	244	1089
b	175	490	252	529
b	179	1510	262	1549
n	197	621	204	629
c	201	1560	256	1604
images/equations/SKMBT_36317040717362_eq17.png	13	LATEX_REPR
n	21	1016	57	1044
a	39	941	102	999
n	53	652	90	685
(	64	422	246	459
a	71	487	125	520
)	93	596	252	629
-	113	783	122	824
frac	121	914	132	1076
-	135	790	142	835
frac	137	463	154	562
b	145	955	256	989
n	147	1023	183	1051
b	167	498	255	544
images/equations/SKMBT_36317040717362_eq18.png	7	LATEX_REPR
b	21	726	139	761
0	50	878	104	932
a	56	485	143	552
+	56	650	136	705
x	64	565	147	625
-	66	799	75	833
-	91	799	99	832
images/equations/SKMBT_36317040717362_eq19.png	11	LATEX_REPR
b	21	690	134	725
2	32	574	57	608
0	39	1086	94	1128
+	51	822	137	880
-	51	1007	60	1053
c	57	921	115	965
a	59	427	147	488
+	61	619	139	671
x	69	751	130	798
x	73	503	126	560
-	75	1017	82	1052
images/equations/SKMBT_36317040717362_eq2.png	2	LATEX_REPR
sqrt	21	720	147	834
x	75	788	139	846
images/equations/SKMBT_36317040717362_eq20.png	8	LATEX_REPR
b	22	685	154	718
2	30	739	59	770
2	43	868	120	973
delta	62	458	161	523
-	68	601	75	640
c	68	994	122	1037
-	78	776	96	833
-	96	608	104	638
images/equations/SKMBT_36317040717362_eq21.png	11	LATEX_REPR
frac	21	1083	35	1322
d	28	1020	146	1069
2	49	1146	68	1168
b	57	816	162	852
m	67	1206	139	1277
b	68	1103	145	1136
+	76	906	133	952
c	79	1278	126	1315
-	97	1165	106	1194
frac	116	742	129	807
-	156	895	164	961
images/equations/SKMBT_36317040717362_eq22.png	19	LATEX_REPR
1	21	584	83	596
)	41	1464	174	1497
x	63	1352	138	1408
(	67	683	194	716
+	68	1261	146	1325
+	79	1015	167	1079
x	81	907	180	962
-	98	337	110	395
x	98	736	172	782
+	103	844	170	896
frac	105	543	118	618
-	109	454	118	491
n	112	1406	147	1437
2	119	1130	126	1145
x	125	342	181	391
=	135	457	148	486
2	136	974	174	1004
n	141	545	194	594
1	146	800	192	810
images/equations/SKMBT_36317040717362_eq23.png	18	LATEX_REPR
f	21	869	167	935
f	26	1426	154	1476
x	56	1304	137	1374
f	58	605	193	654
+	63	997	140	1064
x	78	797	146	844
+	79	725	159	768
k	86	1485	142	1525
x	88	533	160	588
k	94	1381	143	1411
2	117	939	151	967
2	121	841	157	868
1	125	671	169	680
1	134	595	170	603
frac	172	310	183	381
-	185	419	194	451
n	195	359	213	385
m	212	444	213	449
images/equations/SKMBT_36317040717362_eq24.png	7	LATEX_REPR
frac	21	634	67	989
2	63	921	100	965
d	76	606	212	663
2	95	789	123	821
y	97	882	231	916
+	107	812	175	866
x	122	731	184	776
images/equations/SKMBT_36317040717362_eq25.png	12	LATEX_REPR
2	21	1032	57	1061
k	39	1170	157	1229
h	53	908	147	942
)	59	988	162	1010
y	65	470	201	516
+	69	1086	142	1166
(	71	724	143	752
x	85	771	145	824
a	87	640	158	696
-	97	563	104	591
-	105	843	115	898
-	121	562	128	592
images/equations/SKMBT_36317040717362_eq26.png	16	LATEX_REPR
y	21	473	156	522
)	39	1454	167	1493
)	46	1083	139	1115
(	46	1131	146	1159
x	46	1334	128	1391
(	49	729	142	758
x	61	924	146	991
x	63	775	128	824
a	65	659	136	710
-	68	575	75	610
x	73	1185	127	1231
-	87	849	95	898
-	89	1254	96	1303
2	91	1401	123	1439
-	93	575	100	604
1	103	1022	144	1029
images/equations/SKMBT_36317040717362_eq27.png	11	LATEX_REPR
2	21	1112	58	1140
b	42	1034	146	1075
cos	71	765	157	879
c	93	897	144	933
-	103	972	112	1020
y	137	501	264	553
-	169	583	174	616
frac	177	753	191	1121
-	191	593	198	624
4	231	863	309	932
a	246	931	302	1001
images/equations/SKMBT_36317040717362_eq28.png	8	LATEX_REPR
0	21	1060	90	1116
a	35	733	45	742
0	39	836	115	893
-	46	954	54	997
s	50	677	114	709
-	69	967	76	1004
n	71	750	116	786
1	75	727	114	738
images/equations/SKMBT_36317040717362_eq29.png	15	LATEX_REPR
frac	22	1080	30	1153
d	36	1039	139	1080
2	64	1102	116	1137
1	110	807	173	816
1	113	781	167	789
n	142	641	155	652
-	150	896	156	930
frac	154	1053	167	1163
s	157	571	229	610
-	179	896	185	927
1	180	631	227	643
n	181	662	229	700
frac	183	735	191	827
4	196	757	270	808
2	211	1072	250	1119
images/equations/SKMBT_36317040717362_eq3.png	4	LATEX_REPR
3	21	709	77	728
frac	21	750	32	820
d	37	694	149	751
x	63	765	121	828
images/equations/SKMBT_36317040717362_eq30.png	6	LATEX_REPR
1	21	1161	136	1175
a	32	726	130	803
s	50	643	138	682
-	55	1056	68	1098
a	64	565	129	642
-	81	1064	90	1110
images/equations/SKMBT_36317040717362_eq31.png	12	LATEX_REPR
-	21	1117	33	1172
d	39	1093	112	1131
3	39	1135	110	1171
-	65	766	72	808
1	83	799	148	808
1	87	764	138	775
frac	133	1102	142	1179
s	145	639	210	673
a	149	549	205	625
frac	166	720	177	824
2	173	1130	223	1181
6	185	762	243	794
images/equations/SKMBT_36317040717362_eq32.png	12	LATEX_REPR
1	21	1130	125	1157
-	100	695	111	743
1	110	733	184	744
1	118	703	172	713
-	166	1098	175	1152
-	176	988	185	1031
s	182	586	258	621
frac	195	660	202	762
2	196	496	236	570
2	208	1106	268	1158
-	209	994	216	1031
2	234	695	288	734
images/equations/SKMBT_36317040717362_eq33.png	11	LATEX_REPR
sqrt	21	907	120	987
1	39	596	99	606
1	42	569	90	582
3	46	963	116	986
t	102	339	185	401
frac	111	551	122	617
6	124	563	210	602
frac	124	887	136	994
a	126	398	183	441
n	134	457	181	496
3	149	925	221	966
images/equations/SKMBT_36317040717362_eq34.png	14	LATEX_REPR
1	21	1238	168	1255
2	30	950	55	984
2	45	482	77	515
A	50	980	183	1059
A	55	526	163	582
-	62	1137	69	1177
+	70	693	143	738
a	81	417	92	426
a	83	829	146	906
s	85	360	154	397
s	85	913	148	949
-	93	1140	100	1182
n	105	433	147	475
1	114	409	154	420
images/equations/SKMBT_36317040717362_eq35.png	13	LATEX_REPR
+	21	968	136	1091
+	38	955	51	962
s	58	887	122	926
1	79	939	115	947
A	126	598	246	660
t	152	444	229	498
frac	152	863	165	1113
a	164	493	222	536
-	169	716	176	742
n	179	543	215	590
A	183	1024	295	1089
-	190	716	197	749
cos	193	924	247	1023
images/equations/SKMBT_36317040717362_eq4.png	3	LATEX_REPR
x	22	752	87	819
frac	108	694	121	840
y	129	740	238	796
images/equations/SKMBT_36317040717362_eq5.png	3	LATEX_REPR
1	21	767	101	781
frac	125	705	140	814
2	165	742	214	797
images/equations/SKMBT_36317040717362_eq6.png	10	LATEX_REPR
sqrt	21	865	116	963
-	40	617	48	671
x	50	551	190	615
a	51	915	107	950
4	73	607	209	682
-	92	768	100	808
frac	113	847	126	993
-	129	756	136	799
sqrt	131	854	241	962
b	148	915	226	952
images/equations/SKMBT_36317040717362_eq7.png	16	LATEX_REPR
b	21	486	134	523
b	30	1234	141	1268
)	36	552	139	594
(	38	267	158	294
(	48	1172	148	1205
+	56	1297	150	1352
)	56	1444	186	1479
+	65	631	147	692
+	65	1076	140	1144
c	70	736	142	788
a	72	303	137	359
c	72	1364	134	1413
+	74	405	159	456
-	76	857	82	891
a	79	962	156	1035
-	106	845	113	885
images/equations/SKMBT_36317040717362_eq8.png	12	LATEX_REPR
b	21	600	123	634
(	24	501	137	535
b	35	1109	140	1148
)	37	677	151	708
(	41	1048	139	1093
)	42	1255	165	1295
c	56	737	110	786
a	63	535	111	580
-	68	878	80	909
c	71	1172	125	1217
a	72	970	126	1022
-	93	872	104	903
images/equations/SKMBT_36317040717362_eq9.png	13	LATEX_REPR
b	21	1142	130	1183
b	36	621	148	658
(	40	565	138	595
+	57	1268	150	1308
-	58	985	70	1024
a	58	1071	128	1137
)	59	858	150	882
+	67	686	145	731
a	68	478	132	531
c	73	1390	128	1444
a	76	1316	133	1383
c	78	763	140	806
-	87	988	98	1027
images/equations/SKMBT_36317040717363_eq1.png	2	LATEX_REPR
2	21	392	66	426
x	39	308	139	380
images/equations/SKMBT_36317040717363_eq10.png	11	LATEX_REPR
m	21	215	94	280
(	22	90	125	119
n	22	366	102	415
m	22	681	93	757
n	22	773	89	823
)	25	283	168	339
a	38	142	125	219
a	55	582	156	670
+	83	636	101	648
-	86	463	101	525
frac	100	222	101	223
images/equations/SKMBT_36317040717363_eq11.png	12	LATEX_REPR
n	22	615	82	657
a	30	769	35	773
b	37	661	165	728
n	37	749	112	805
n	41	303	114	349
(	43	73	176	110
b	50	195	179	246
a	52	525	160	590
)	69	258	185	286
a	79	115	162	177
=	88	446	115	494
frac	128	441	137	502
images/equations/SKMBT_36317040717363_eq12.png	17	LATEX_REPR
(	22	400	148	440
b	23	641	150	696
(	28	45	147	73
)	28	677	172	734
+	29	178	166	258
b	34	270	158	319
)	39	305	173	352
2	43	949	92	981
b	45	1098	156	1148
2	45	1153	91	1177
a	57	452	137	513
a	59	850	146	934
a	64	95	138	167
-	83	777	93	816
-	89	533	104	614
-	113	767	130	820
frac	120	975	126	1072
images/equations/SKMBT_36317040717363_eq13.png	13	LATEX_REPR
m	22	235	83	290
=	24	986	99	1090
m	26	877	100	965
)	36	158	72	172
n	37	521	91	570
2	46	348	54	354
a	49	128	126	200
a	53	751	146	837
a	60	420	150	497
frac	78	655	86	705
frac	95	263	106	399
-	104	648	117	696
2	140	334	148	348
images/equations/SKMBT_36317040717363_eq14.png	9	LATEX_REPR
1	23	664	106	683
p	59	347	129	387
a	103	151	199	251
-	113	295	121	329
m	115	285	122	293
-	130	439	139	482
cos	132	349	135	351
frac	136	561	230	769
n	164	429	178	511
images/equations/SKMBT_36317040717363_eq15.png	13	LATEX_REPR
a	21	124	83	188
a	37	756	115	835
c	39	425	115	482
c	45	868	100	907
m	87	303	92	310
mul	94	266	205	370
frac	98	56	124	253
pi	123	754	249	979
x	129	402	256	530
frac	130	608	142	672
b	133	136	238	208
=	146	660	147	660
b	147	658	147	658
images/equations/SKMBT_36317040717363_eq16.png	27	LATEX_REPR
c	21	100	98	154
sqrt	29	1521	115	1579
d	41	1073	160	1166
1	44	1534	57	1537
c	47	488	138	547
a	57	806	143	872
c	70	1468	141	1526
a	80	1364	154	1450
m	97	338	105	350
frac	125	63	152	227
mul	126	964	229	1032
=	138	1256	193	1312
frac	142	301	158	396
bar	152	676	165	736
frac	157	1385	175	1601
x	163	464	284	603
frac	169	717	171	719
b	169	1052	191	1190
frac	172	106	264	172
frac	177	845	188	924
b	184	779	196	842
m	200	835	284	895
-	203	339	215	354
c	203	680	211	741
b	204	1108	280	1173
(	209	1422	284	1475
-	214	1504	284	1546
images/equations/SKMBT_36317040717363_eq17.png	16	LATEX_REPR
a	21	135	110	216
m	44	725	48	732
a	45	606	144	700
n	45	725	99	768
(	63	35	221	82
n	78	326	146	380
a	105	275	111	279
)	114	236	257	294
frac	115	159	117	160
frac	119	152	121	153
b	132	97	159	245
frac	149	227	150	228
m	157	401	172	478
-	179	157	274	216
n	184	579	202	824
b	195	468	197	472
images/equations/SKMBT_36317040717363_eq2.png	2	LATEX_REPR
sqrt	21	199	138	348
x	49	255	154	321
images/equations/SKMBT_36317040717363_eq20.png	9	LATEX_REPR
delta	21	185	165	272
2	36	543	93	584
b	42	465	173	514
4	75	689	177	748
frac	81	574	82	574
a	81	576	81	577
frac	92	335	105	410
frac	113	770	187	848
c	128	346	136	418
images/equations/SKMBT_36317040717363_eq21.png	11	LATEX_REPR
b	21	473	139	534
+	41	561	121	617
sqrt	53	619	178	963
-	72	405	88	472
cos	109	837	178	965
x	112	139	178	214
-	135	209	135	211
=	135	790	142	828
m	141	247	176	307
frac	141	778	145	783
2	145	521	158	617
images/equations/SKMBT_36317040717363_eq22.png	21	LATEX_REPR
1	22	451	80	458
+	68	1002	210	1059
+	76	788	190	866
frac	85	105	98	226
(	90	569	206	609
x	100	633	211	711
x	100	860	225	923
+	100	1242	192	1319
x	106	1314	225	1401
frac	129	376	140	526
2	129	631	137	639
x	132	106	250	188
)	139	1494	286	1539
-	144	273	160	330
-	148	1178	157	1196
1	165	714	226	736
2	167	917	217	959
-	176	275	189	340
2	176	687	180	689
n	180	423	266	495
n	184	1430	265	1475
images/equations/SKMBT_36317040717363_eq23.png	25	LATEX_REPR
f	21	526	192	624
x	28	397	141	486
f	49	955	221	1049
+	57	686	168	775
+	71	1138	162	1193
x	78	785	185	859
+	79	1508	233	1611
x	96	1362	202	1437
k	103	781	119	790
frac	107	31	127	164
1	114	493	147	505
m	123	1327	127	1334
-	132	1249	138	1269
=	132	1277	140	1296
m	132	1310	134	1315
-	136	1307	141	1318
2	140	1040	183	1082
2	141	884	184	926
x	143	51	262	138
1	145	616	173	626
k	164	1452	235	1506
k	167	1602	241	1660
frac	171	737	172	739
frac	176	243	186	300
frac	216	246	228	326
images/equations/SKMBT_36317040717363_eq24.png	5	LATEX_REPR
sqrt	21	273	153	629
2	39	659	94	704
+	66	485	175	572
x	74	379	177	450
y	74	587	240	634
images/equations/SKMBT_36317040717363_eq25.png	13	LATEX_REPR
y	21	78	211	163
a	52	106	60	113
2	60	746	130	779
b	62	633	200	679
1	64	851	265	871
x	90	421	210	518
a	97	326	194	400
+	98	756	231	848
-	109	194	134	274
)	110	669	214	712
frac	135	239	136	240
-	137	545	145	628
c	145	206	166	270
images/equations/SKMBT_36317040717363_eq26.png	13	LATEX_REPR
y	21	78	211	163
a	52	106	60	113
2	60	746	130	779
b	62	633	200	679
1	64	851	265	871
x	90	421	210	518
a	97	326	194	400
+	98	756	231	848
-	109	194	134	274
)	110	669	214	712
frac	135	239	136	240
-	137	545	145	628
c	145	206	166	270
images/equations/SKMBT_36317040717363_eq27.png	9	LATEX_REPR
4	20	441	22	444
b	21	409	133	457
2	23	653	133	696
a	38	691	80	726
c	48	463	117	505
a	61	532	113	567
-	76	560	83	565
0	80	604	87	640
+	89	171	153	220
images/equations/SKMBT_36317040717363_eq28.png	9	LATEX_REPR
s	21	203	141	268
2	44	285	63	297
0	61	373	146	420
0	70	592	138	662
m	80	496	90	524
1	88	310	146	324
-	94	476	125	570
a	96	322	143	354
1	109	273	141	283
images/equations/SKMBT_36317040717363_eq29.png	4	LATEX_REPR
frac	21	352	33	428
n	31	706	53	723
frac	40	748	53	828
p	48	420	53	424
images/equations/SKMBT_36317040717363_eq3.png	3	LATEX_REPR
3	21	189	102	226
sqrt	43	200	199	373
x	93	268	210	343
images/equations/SKMBT_36317040717363_eq30.png	5	LATEX_REPR
1	22	654	137	683
cos	47	115	137	298
0	48	325	140	392
frac	68	498	88	578
frac	104	509	121	615
images/equations/SKMBT_36317040717363_eq31.png	11	LATEX_REPR
sqrt	21	643	113	802
(	55	379	137	402
1	60	331	138	356
3	70	687	148	758
c	100	83	195	125
s	109	201	199	258
o	123	142	190	194
x	145	285	252	411
frac	151	562	173	863
=	151	593	152	593
2	162	505	202	578
images/equations/SKMBT_36317040717363_eq32.png	10	LATEX_REPR
c	23	327	88	378
1	27	668	106	679
1	29	295	86	313
cos	70	16	165	226
frac	106	242	125	388
=	110	675	112	677
frac	125	461	166	538
a	125	593	137	683
3	145	311	151	317
2	145	298	232	366
images/equations/SKMBT_36317040717363_eq33.png	10	LATEX_REPR
sqrt	21	740	147	865
=	24	425	51	502
+	38	127	233	268
(	53	448	116	473
frac	66	255	234	530
=	83	706	166	852
-	121	592	138	664
2	125	532	125	532
frac	146	281	150	283
3	168	604	181	678
images/equations/SKMBT_36317040717363_eq34.png	14	LATEX_REPR
s	21	143	173	228
2	40	355	97	394
2	51	274	81	290
delta	70	838	196	899
+	72	557	199	643
1	73	1105	219	1120
A	74	405	193	487
A	91	895	224	981
(	110	718	193	753
n	119	279	197	329
=	121	1040	163	1097
o	129	835	130	835
1	130	759	191	822
-	134	237	189	264
images/equations/SKMBT_36317040717363_eq35.png	14	LATEX_REPR
(	22	925	175	997
s	41	712	180	798
cos	43	753	45	755
b	47	696	328	1005
b	95	805	108	822
f	101	229	254	364
1	128	432	286	502
+	138	483	277	504
a	189	593	209	639
n	206	373	266	407
frac	231	791	296	890
c	234	576	248	651
+	234	745	305	775
-	251	819	251	819
images/equations/SKMBT_36317040717363_eq4.png	4	LATEX_REPR
x	21	229	104	295
frac	113	182	130	322
y	143	229	314	280
x	288	206	304	221
images/equations/SKMBT_36317040717363_eq5.png	3	LATEX_REPR
1	22	237	109	253
frac	120	171	140	297
2	170	194	253	288
images/equations/SKMBT_36317040717363_eq6.png	11	LATEX_REPR
sqrt	21	445	121	587
sqrt	34	47	222	231
a	58	493	131	557
a	61	133	116	188
-	119	320	134	362
frac	130	97	148	229
-	144	331	146	333
frac	149	320	170	372
b	158	415	173	608
n	161	145	252	203
x	172	410	178	417
images/equations/SKMBT_36317040717363_eq7.png	19	LATEX_REPR
(	21	836	137	872
b	23	901	153	948
+	28	181	148	243
+	30	755	134	818
b	38	245	144	284
2	39	318	48	325
)	39	1087	42	1090
+	39	1072	171	1116
)	41	368	136	423
+	52	296	163	346
c	52	951	139	1012
a	55	1014	130	1061
(	56	639	130	698
c	58	40	157	68
2	62	439	135	476
1	63	1053	63	1055
a	67	467	91	479
-	72	1052	82	1055
-	74	113	139	175
images/equations/SKMBT_36317040717363_eq8.png	11	LATEX_REPR
(	21	100	130	128
a	34	127	134	240
)	51	233	143	287
(	51	579	163	614
b	51	629	166	678
c	63	301	148	344
)	65	738	227	799
a	77	480	152	558
c	85	698	160	756
-	91	401	100	448
-	98	333	99	335
images/equations/SKMBT_36317040717363_eq9.png	14	LATEX_REPR
(	21	121	125	153
b	23	180	131	226
+	24	238	129	295
b	25	647	131	701
a	31	37	132	105
)	35	344	167	386
+	38	715	109	784
c	46	312	124	367
a	48	809	120	875
a	49	562	118	626
1	50	66	67	70
frac	64	465	75	532
c	64	890	131	968
-	71	369	73	371
